year,iso_code,population,gdp,cement_co2,cement_co2_per_capita,co2,co2_growth_abs,co2_growth_prct,co2_including_luc,co2_including_luc_growth_abs,co2_including_luc_growth_prct,co2_including_luc_per_capita,co2_including_luc_per_gdp,co2_including_luc_per_unit_energy,co2_per_capita,co2_per_gdp,co2_per_unit_energy,coal_co2,coal_co2_per_capita,consumption_co2,consumption_co2_per_capita,consumption_co2_per_gdp,cumulative_cement_co2,cumulative_co2,cumulative_co2_including_luc,cumulative_coal_co2,cumulative_flaring_co2,cumulative_gas_co2,cumulative_luc_co2,cumulative_oil_co2,cumulative_other_co2,energy_per_capita,energy_per_gdp,flaring_co2,flaring_co2_per_capita,gas_co2,gas_co2_per_capita,ghg_excluding_lucf_per_capita,ghg_per_capita,land_use_change_co2,land_use_change_co2_per_capita,methane,methane_per_capita,nitrous_oxide,nitrous_oxide_per_capita,oil_co2,oil_co2_per_capita,other_co2_per_capita,other_industry_co2,primary_energy_consumption,share_global_cement_co2,share_global_co2,share_global_co2_including_luc,share_global_coal_co2,share_global_cumulative_cement_co2,share_global_cumulative_co2,share_global_cumulative_co2_including_luc,share_global_cumulative_coal_co2,share_global_cumulative_flaring_co2,share_global_cumulative_gas_co2,share_global_cumulative_luc_co2,share_global_cumulative_oil_co2,share_global_cumulative_other_co2,share_global_flaring_co2,share_global_gas_co2,share_global_luc_co2,share_global_oil_co2,share_global_other_co2,share_of_temperature_change_from_ghg,temperature_change_from_ch4,temperature_change_from_co2,temperature_change_from_ghg,temperature_change_from_n2o,total_ghg,total_ghg_excluding_lucf,trade_co2,trade_co2_share
1955,PYF,73862.0,,0.0,0.0,0.044,,,,,,,,,0.595,,,,,,,,0.0,0.044,,,,,,0.044,,,,,,,,,,,,,,,,0.044,0.595,,,,0.0,0.001,,,0.0,0.0,,,,,,0.0,,,,,0.002,,0.0,,0.0,0.0,,,,,
1956,PYF,76343.0,,0.0,0.0,0.044,0.0,0.0,,,,,,,0.576,,,,,,,,0.0,0.088,,,,,,0.088,,,,,,,,,,,,,,,,0.044,0.576,,,,0.0,0.001,,,0.0,0.0,,,,,,0.0,,,,,0.002,,0.0,,0.0,0.0,,,,,
1957,PYF,78455.0,,0.0,0.0,0.051,0.007,16.667,,,,,,,0.654,,,,,,,,0.0,0.139,,,,,,0.139,,,,,,,,,,,,,,,,0.051,0.654,,,,0.0,0.001,,,0.0,0.0,,,,,,0.0,,,,,0.002,,0.0,,0.0,0.0,,,,,
1958,PYF,80161.0,,0.0,0.0,0.051,0.0,0.0,,,,,,,0.64,,,,,,,,0.0,0.191,,,,,,0.191,,,,,,,,,,,,,,,,0.051,0.64,,,,0.0,0.001,,,0.0,0.0,,,,,,0.0,,,,,0.002,,0.0,,0.0,0.0,,,,,
1959,PYF,81912.0,,0.0,0.0,0.029,-0.022,-42.857,,,,,,,0.358,,,,,,,,0.0,0.22,,,,,,0.22,,,,,,,,,,,,,,,,0.029,0.358,,,,0.0,0.0,,,0.0,0.0,,,,,,0.0,,,,,0.001,,0.0,,0.0,0.0,,,,,
1960,PYF,83689.0,,0.0,0.0,0.037,0.007,25.0,,,,,,,0.438,,,,,,,,0.0,0.256,,,,,,0.256,,,,,,,,,,,,,,,,0.037,0.438,,,,0.0,0.0,,,0.0,0.0,,,,,,0.0,,,,,0.001,,0.0,,0.0,0.0,,,,,
1961,PYF,85452.0,,0.0,0.0,0.059,0.022,60.0,,,,,,,0.686,,,,,,,,0.0,0.315,,,,,,0.315,,,,,,,,,,,,,,,,0.059,0.686,,,,0.0,0.001,,,0.0,0.0,,,,,,0.001,,,,,0.002,,0.0,,0.0,0.0,,,,,
1962,PYF,87278.0,,0.0,0.0,0.048,-0.011,-18.75,,,,,,,0.546,,,,,,,,0.0,0.363,,,,,,0.363,,,,,,,,,,,,,,,,0.048,0.546,,,,0.0,0.0,,,0.0,0.0,,,,,,0.001,,,,,0.001,,0.0,,0.0,0.0,,,,,
1963,PYF,89748.0,,0.0,0.0,0.066,0.018,38.462,,,,,,,0.735,,,,,,,,0.0,0.429,,,,,,0.429,,,,,,,,,,,,,,,,0.066,0.735,,,,0.0,0.001,,,0.0,0.0,,,,,,0.001,,,,,0.002,,0.0,,0.0,0.0,,,,,
1964,PYF,92832.0,,0.0,0.0,0.066,0.0,0.0,,,,,,,0.71,,,,,,,,0.0,0.495,,,,,,0.495,,,,,,,,,,,,,,,,0.066,0.71,,,,0.0,0.001,,,0.0,0.0,,,,,,0.001,,,,,0.002,,0.0,,0.0,0.0,,,,,
1965,PYF,96034.0,,0.0,0.0,0.084,0.018,27.778,,,,,,,0.878,,,,,,,,0.0,0.579,,,,,,0.579,,,,,,,,,,,,,,,,0.084,0.878,,,,0.0,0.001,,,0.0,0.0,,,,,,0.001,,,,,0.002,,0.0,,0.0,0.0,,,,,
1966,PYF,99336.0,,0.0,0.0,0.121,0.037,43.478,,,,,,,1.217,,,,,,,,0.0,0.7,,,,,,0.7,,,,,,,,,,,,,,,,0.121,1.217,,,,0.0,0.001,,,0.0,0.0,,,,,,0.001,,,,,0.003,,0.0,,0.0,0.0,,,,,
1967,PYF,102769.0,,0.0,0.0,0.139,0.018,15.152,,,,,,,1.355,,,,,,,,0.0,0.839,,,,,,0.839,,,,,,,,,,,,,,,,0.139,1.355,,,,0.0,0.001,,,0.0,0.0,,,,,,0.001,,,,,0.003,,0.0,,0.0,0.0,,,,,
1968,PYF,106369.0,,0.0,0.0,0.154,0.015,10.526,,,,,,,1.447,,,,,,,,0.0,0.993,,,,,,0.993,,,,,,,,,,,,,,,,0.154,1.447,,,,0.0,0.001,,,0.0,0.0,,,,,,0.001,,,,,0.003,,0.0,,0.0,0.0,,,,,
1969,PYF,110118.0,,0.0,0.0,0.161,0.007,4.762,,,,,,,1.464,,,,,,,,0.0,1.154,,,,,,1.154,,,,,,,,,,,,,,,,0.161,1.464,,,,0.0,0.001,,,0.0,0.0,,,,,,0.001,,,,,0.003,,0.0,,0.0,0.0,,,,,
1970,PYF,114027.0,,0.0,0.0,0.194,0.033,20.455,,,,,,,1.703,,,,,,,,0.0,1.348,,,,,,1.348,,,,,,,,,,,,,,,,0.194,1.703,,,,0.0,0.001,,,0.0,0.0,,,,,,0.001,,,,,0.003,,0.0,,0.0,0.0,,,,,
1971,PYF,117959.0,,0.0,0.0,0.227,0.033,16.981,,,,,,,1.926,,,,,,,,0.0,1.576,,,,,,1.576,,,,,,,,,,,,,,,,0.227,1.926,,,,0.0,0.001,,,0.0,0.0,,,,,,0.001,,,,,0.003,,0.0,,0.0,0.0,,,,,
1972,PYF,121900.0,,0.0,0.0,0.216,-0.011,-4.839,,,,,,,1.773,,,,,,,,0.0,1.792,,,,,,1.792,,,,,,,,,,,,,,,,0.216,1.773,,,,0.0,0.001,,,0.0,0.0,,,,,,0.002,,,,,0.003,,0.0,,0.0,0.0,,,,,
1973,PYF,125911.0,,0.0,0.0,0.209,-0.007,-3.39,,,,,,,1.659,,,,,,,,0.0,2.001,,,,,,2.001,,,,,,,,,,,,,,,,0.209,1.659,,,,0.0,0.001,,,0.0,0.0,,,,,,0.002,,,,,0.003,,0.0,,0.0,0.0,,,,,
1974,PYF,129975.0,,0.0,0.0,0.216,0.007,3.509,,,,,,,1.663,,,,,,,,0.0,2.217,,,,,,2.217,,,,,,,,,,,,,,,,0.216,1.663,,,,0.0,0.001,,,0.0,0.0,,,,,,0.002,,,,,0.003,,0.0,,0.0,0.0,,,,,
1975,PYF,134054.0,,0.0,0.0,0.213,-0.004,-1.695,,,,,,,1.585,,,,,,,,0.0,2.429,,,,,,2.429,,,,,,,,,,,,,,,,0.213,1.585,,,,0.0,0.001,,,0.0,0.0,,,,,,0.002,,,,,0.003,,0.0,,0.0,0.0,,,,,
1976,PYF,138135.0,,0.0,0.0,0.264,0.051,24.138,,,,,,,1.91,,,,,,,,0.0,2.693,,,,,,2.693,,,,,,,,,,,,,,,,0.264,1.91,,,,0.0,0.001,,,0.0,0.001,,,,,,0.002,,,,,0.003,,0.0,,0.0,0.0,,,,,
1977,PYF,142320.0,,0.0,0.0,0.275,0.011,4.167,,,,,,,1.931,,,,,,,,0.0,2.968,,,,,,2.968,,,,,,,,,,,,,,,,0.275,1.931,,,,0.0,0.001,,,0.0,0.001,,,,,,0.002,,,,,0.003,,0.0,,0.0,0.0,,,,,
1978,PYF,146835.0,,0.0,0.0,0.311,0.037,13.333,,,,,,,2.121,,,,,,,,0.0,3.279,,,,,,3.279,,,,,,,,,,,,,,,,0.311,2.121,,,,0.0,0.002,,,0.0,0.001,,,,,,0.002,,,,,0.003,,0.0,,0.0,0.0,,,,,
1979,PYF,151583.0,,0.0,0.0,0.282,-0.029,-9.412,,,,,,,1.861,,,,,,,,0.0,3.561,,,,,,3.561,,,,,,,,,,,,,,,,0.282,1.861,,,,0.0,0.001,,,0.0,0.001,,,,,,0.002,,,,,0.003,,0.0,,0.0,0.0,,,,,
1980,PYF,156485.0,,0.0,0.0,0.293,0.011,3.896,,,,,,,1.873,,0.322,,,,,,0.0,3.855,,,,,,3.855,,5555.62,,,,,,,,,,,,,,0.293,1.873,,,0.909,0.0,0.002,,,0.0,0.001,,,,,,0.002,,,,,0.003,,0.0,,0.0,0.0,,,,,
1981,PYF,161519.0,,0.0,0.0,0.33,0.037,12.5,,,,,,,2.042,,0.237,,,,,,0.0,4.184,,,,,,4.184,,8228.916,,,,,,,,,,,,,,0.33,2.042,,,1.39,0.0,0.002,,,0.0,0.001,,,,,,0.002,,,,,0.004,,0.0,,0.0,0.0,,,,,
1982,PYF,166651.0,,0.0,0.0,0.337,0.007,2.222,,,,,,,2.023,,0.186,,,,,,0.0,4.521,,,,,,4.521,,10397.382,,,,,,,,,,,,,,0.337,2.023,,,1.813,0.0,0.002,,,0.0,0.001,,,,,,0.002,,,,,0.004,,0.0,,0.0,0.0,,,,,
1983,PYF,171758.0,,0.0,0.0,0.421,0.084,25.0,,,,,,,2.453,,0.171,,,,,,0.0,4.943,,,,,,4.943,,13775.094,,,,,,,,,,,,,,0.421,2.453,,,2.467,0.0,0.002,,,0.0,0.001,,,,,,0.002,,,,,0.005,,0.0,,0.0,0.0,,,,,
1984,PYF,176479.0,,0.0,0.0,0.462,0.04,9.565,,,,,,,2.616,,0.124,,,,,,0.0,5.404,,,,,,5.404,,20251.264,,,,,,,,,,,,,,0.462,2.616,,,3.709,0.0,0.002,,,0.0,0.001,,,,,,0.002,,,,,0.006,,0.0,,0.0,0.0,,,,,
1985,PYF,181004.0,,0.0,0.0,0.59,0.128,27.778,,,,,,,3.259,,0.182,,,,,,0.0,5.994,,,,,,5.994,,17273.379,,,,,,,,,,,,,,0.59,3.259,,,3.24,0.0,0.003,,,0.0,0.001,,,,,,0.003,,,,,0.007,,0.0,,0.0,0.0,,,,,
1986,PYF,185684.0,,0.0,0.0,0.608,0.018,3.106,,,,,,,3.276,,0.148,,,,,,0.0,6.603,,,,,,6.603,,21374.791,,,,,,,,,,,,,,0.608,3.276,,,4.109,0.0,0.003,,,0.0,0.001,,,,,,0.003,,,,,0.007,,0.0,,0.0,0.0,,,,,
1987,PYF,190462.0,,0.0,0.0,0.612,0.004,0.602,,,,,,,3.213,,0.147,,,,,,0.0,7.214,,,,,,7.214,,21086.23,,,,,,,,,,,,,,0.612,3.213,,,4.151,0.0,0.003,,,0.0,0.001,,,,,,0.003,,,,,0.007,,0.0,,0.0,0.0,,,,,
1988,PYF,195209.0,,0.0,0.0,0.575,-0.037,-5.988,,,,,,,2.947,,0.138,,,,,,0.0,7.79,,,,,,7.79,,20641.037,,,,,,,,,,,,,,0.575,2.947,,,4.164,0.0,0.003,,,0.0,0.001,,,,,,0.003,,,,,0.006,,0.0,,0.0,0.0,,,,,
1989,PYF,199650.0,,0.0,0.0,0.542,-0.033,-5.732,,,,,,,2.716,,0.129,,,,,,0.0,8.332,,,,,,8.332,,20422.01,,,,,,,,,,,,,,0.542,2.716,,,4.219,0.0,0.002,,,0.0,0.001,,,,,,0.003,,,,,0.006,,0.0,,0.0,0.0,,,,,
1990,PYF,203781.0,,0.0,0.0,0.469,-0.073,-13.514,,,,,,,2.301,,0.117,,,,,,0.0,8.801,,,,,,8.801,,18916.686,,,,,,,,,,,,,,0.469,2.301,,,3.993,0.0,0.002,,,0.0,0.001,,,,,,0.003,,,,,0.005,,0.0,,0.0,0.0,,,,,
1991,PYF,207753.0,,0.0,0.0,0.469,0.0,0.0,,,,,,,2.257,,0.116,,,,,,0.0,9.27,,,,,,9.27,,18693.398,,,,,,,,,,,,,,0.469,2.257,,,4.028,0.0,0.002,,,0.0,0.001,,,,,,0.003,,,,,0.005,,0.0,,0.0,0.0,,,,,
1992,PYF,211569.0,,0.0,0.0,0.447,-0.022,-4.688,,,,,,,2.113,,0.117,,,,,,0.0,9.717,,,,,,9.717,,17424.615,,,,,,,,,,,,,,0.447,2.113,,,3.827,0.0,0.002,,,0.0,0.001,,,,,,0.003,,,,,0.005,,0.0,,0.0,0.0,,,,,
1993,PYF,215232.0,,0.0,0.0,0.469,0.022,4.918,,,,,,,2.179,,0.122,,,,,,0.0,10.186,,,,,,10.186,,17113.086,,,,,,,,,,,,,,0.469,2.179,,,3.829,0.0,0.002,,,0.0,0.001,,,,,,0.003,,,,,0.005,,0.0,,0.0,0.0,,,,,
1994,PYF,218745.0,,0.0,0.0,0.48,0.011,2.344,,,,,,,2.194,,0.155,,,,,,0.0,10.666,,,0.0,,,10.666,,13584.229,,0.0,0.0,,,,,,,,,,,0.48,2.194,,,3.093,0.0,0.002,,,0.0,0.001,,,0.0,,,0.003,,0.0,,,0.005,,0.0,,0.0,0.0,,,,,
1995,PYF,222128.0,,0.0,0.0,0.473,-0.007,-1.527,,,,,,,2.128,,0.143,,,,,,0.0,11.139,,,0.0,,,11.139,,14246.435,,0.0,0.0,,,,,,,,,,,0.473,2.128,,,3.297,0.0,0.002,,,0.0,0.001,,,0.0,,,0.004,,0.0,,,0.005,,0.0,,0.0,0.0,,,,,
1996,PYF,225499.0,,0.0,0.0,0.469,-0.004,-0.775,,,,,,,2.08,,0.143,,,,,,0.0,11.608,,,0.0,,,11.608,,13921.283,,0.0,0.0,,,,,,,,,,,0.469,2.08,,,3.274,0.0,0.002,,,0.0,0.001,,,0.0,,,0.004,,0.0,,,0.005,,0.0,,0.0,0.0,,,,,
1997,PYF,229133.0,,0.0,0.0,0.491,0.022,4.688,,,,,,,2.143,,0.148,,,,,,0.0,12.099,,,0.0,,,12.099,,13878.914,,0.0,0.0,,,,,,,,,,,0.491,2.143,,,3.318,0.0,0.002,,,0.0,0.001,,,0.0,,,0.004,,0.0,,,0.005,,0.0,,0.0,0.0,,,,,
1998,PYF,232898.0,,0.0,0.0,0.487,-0.004,-0.746,,,,,,,2.092,,0.145,,,,,,0.0,12.586,,,0.0,,,12.586,,13878.106,,0.0,0.0,,,,,,,,,,,0.487,2.092,,,3.371,0.0,0.002,,,0.0,0.001,,,0.0,,,0.004,,0.0,,,0.005,,0.001,,0.0,0.0,,,,,
1999,PYF,236606.0,,0.0,0.0,0.539,0.051,10.526,,,,,,,2.276,,0.169,,,,,,0.0,13.124,,,0.0,,,13.124,,12884.734,,0.0,0.0,,,,,,,,,,,0.539,2.276,,,3.18,0.0,0.002,,,0.0,0.001,,,0.0,,,0.004,,0.0,,,0.005,,0.001,,0.0,0.0,,,,,
2000,PYF,240346.0,,0.0,0.0,0.612,0.073,13.605,,,,,,,2.546,,0.172,,,,,,0.0,13.736,,,0.0,,,13.736,,14203.022,,0.0,0.0,,,,,,,,,,,0.612,2.546,,,3.564,0.0,0.002,,,0.0,0.001,,,0.0,,,0.004,,0.0,,,0.006,,0.001,,0.0,0.0,,,,,
2001,PYF,244107.0,,0.0,0.0,0.725,0.114,18.563,,,,,,,2.972,,0.186,,,,,,0.0,14.462,,,0.0,,,14.462,,15333.027,,0.0,0.0,,,,,,,,,,,0.725,2.972,,,3.911,0.0,0.003,,,0.0,0.001,,,0.0,,,0.004,,0.0,,,0.007,,0.001,,0.0,0.0,,,,,
2002,PYF,247784.0,,0.0,0.0,0.725,0.0,0.0,,,,,,,2.928,,0.175,,,,,,0.0,15.187,,,0.0,,,15.187,,16036.279,,0.0,0.0,,,,,,,,,,,0.725,2.928,,,4.156,0.0,0.003,,,0.0,0.001,,,0.0,,,0.004,,0.0,,,0.007,,0.001,,0.0,0.0,,,,,
2003,PYF,251651.0,,0.0,0.0,0.78,0.055,7.576,,,,,,,3.101,,0.174,,,,,,0.0,15.968,,,0.0,,,15.968,,17084.979,,0.0,0.0,,,,,,,,,,,0.78,3.101,,,4.496,0.0,0.003,,,0.0,0.001,,,0.0,,,0.004,,0.0,,,0.007,,0.001,,0.0,0.0,,,,,
2004,PYF,255664.0,,0.0,0.0,0.769,-0.011,-1.408,,,,,,,3.01,,0.172,,,,,,0.0,16.737,,,0.0,,,16.737,,16731.654,,0.0,0.0,,,,,,,,,,,0.769,3.01,,,4.47,0.0,0.003,,,0.0,0.001,,,0.0,,,0.004,,0.0,,,0.007,,0.001,,0.0,0.0,,,,,
2005,PYF,259518.0,,0.0,0.0,0.828,0.059,7.619,,,,,,,3.191,,0.178,,,,,,0.0,17.565,,,0.0,,,17.565,,17172.723,,0.0,0.0,,,,,,,,,,,0.828,3.191,,,4.655,0.0,0.003,,,0.0,0.001,,,0.0,,,0.004,,0.0,,,0.007,,0.001,,0.0,0.0,,,,,
2006,PYF,263234.0,,0.0,0.0,0.821,-0.007,-0.885,,,,,,,3.118,,0.178,,,,,,0.0,18.386,,,0.0,,,18.386,,16746.74,,0.0,0.0,,,,,,,,,,,0.821,3.118,,,4.604,0.0,0.003,,,0.0,0.002,,,0.0,,,0.004,,0.0,,,0.007,,0.001,,0.0,0.0,,,,,
2007,PYF,266449.0,,0.0,0.0,0.813,-0.007,-0.893,,,,,,,3.053,,0.167,,,,,,0.0,19.199,,,0.0,,,19.199,,17536.959,,0.0,0.0,,,,,,,,,,,0.813,3.053,,,4.879,0.0,0.003,,,0.0,0.002,,,0.0,,,0.004,,0.0,,,0.007,,0.001,,0.0,0.0,,,,,
2008,PYF,268390.0,,0.0,0.0,0.835,0.022,2.703,,,,,,,3.113,,0.168,,,,,,0.0,20.035,,,0.0,,,20.035,,17700.125,,0.0,0.0,,,,,,,,,,,0.835,3.113,,,4.966,0.0,0.003,,,0.0,0.002,,,0.0,,,0.004,,0.0,,,0.007,,0.001,,0.0,0.0,,,,,
2009,PYF,269496.0,,0.0,0.0,0.839,0.004,0.439,,,,,,,3.113,,0.17,,,,,,0.0,20.874,,,0.0,,,20.874,,17486.457,,0.0,0.0,,,,,,,,,,,0.839,3.113,,,4.936,0.0,0.003,,,0.0,0.002,,,0.0,,,0.005,,0.0,,,0.008,,0.001,,0.0,0.0,,,,,
2010,PYF,270589.0,,0.0,0.0,0.923,0.084,10.044,,,,,,,3.412,,0.18,,,,,,0.0,21.797,,,0.0,,,21.797,,18082.105,,0.0,0.0,,,,,,,,,,,0.923,3.412,,,5.132,0.0,0.003,,,0.0,0.002,,,0.0,,,0.005,,0.0,,,0.008,,0.001,,0.0,0.0,,,,,
2011,PYF,271732.0,,0.0,0.0,0.887,-0.037,-3.968,,,,,,,3.263,,0.184,,,,,,0.0,22.684,,,0.0,,,22.684,,16923.406,,0.0,0.0,,,,,,,,,,,0.887,3.263,,,4.828,0.0,0.003,,,0.0,0.002,,,0.0,,,0.005,,0.0,,,0.008,,0.001,,0.0,0.0,,,,,
2012,PYF,273093.0,,0.0,0.0,0.876,-0.011,-1.24,,,,,,,3.207,,0.188,,,,,,0.0,23.56,,,0.0,,,23.56,,16239.225,,0.0,0.0,,,,,,,,,,,0.876,3.207,,,4.654,0.0,0.003,,,0.0,0.002,,,0.0,,,0.005,,0.0,,,0.008,,0.001,,0.0,0.0,,,,,
2013,PYF,274737.0,,0.0,0.0,0.879,0.004,0.418,,,,,,,3.201,,0.192,,,,,,0.0,24.439,,,0.0,,,24.439,,15941.214,,0.0,0.0,,,,,,,,,,,0.879,3.201,,,4.592,0.0,0.002,,,0.0,0.002,,,0.0,,,0.005,,0.0,,,0.008,,0.001,,0.0,0.0,,,,,
2014,PYF,276388.0,,0.0,0.0,0.85,-0.029,-3.333,,,,,,,3.076,,0.186,,,,,,0.0,25.289,,,0.0,,,25.289,,15747.379,,0.0,0.0,,,,,,,,,,,0.85,3.076,,,4.565,0.0,0.002,,,0.0,0.002,,,0.0,,,0.005,,0.0,,,0.007,,0.001,,0.0,0.0,,,,,
2015,PYF,277878.0,,0.0,0.0,0.846,-0.004,-0.431,,,,,,,3.046,,0.178,,,,,,0.0,26.135,,,0.0,,,26.135,,16278.416,,0.0,0.0,,,,,,,,,,,0.846,3.046,,,4.75,0.0,0.002,,,0.0,0.002,,,0.0,,,0.005,,0.0,,,0.007,,0.001,,0.0,0.0,,,,,
2016,PYF,279180.0,,0.0,0.0,0.868,0.022,2.597,,,,,,,3.11,,0.184,,,,,,0.0,27.004,,,0.0,,,27.004,,16079.959,,0.0,0.0,,,,,,,,,,,0.868,3.11,,,4.72,0.0,0.002,,,0.0,0.002,,,0.0,,,0.005,,0.0,,,0.007,,0.001,,0.0,0.0,,,,,
2017,PYF,280096.0,,0.0,0.0,0.872,0.004,0.422,,,,,,,3.113,,0.19,,,,,,0.0,27.876,,,0.0,,,27.876,,15560.707,,0.0,0.0,,,,,,,,,,,0.872,3.113,,,4.598,0.0,0.002,,,0.0,0.002,,,0.0,,,0.005,,0.0,,,0.007,,0.001,,0.0,0.0,,,,,
2018,PYF,279824.0,,0.0,0.0,0.879,0.007,0.84,,,,,,,3.143,,0.188,,,,,,0.0,28.755,,,0.0,,,28.755,,15735.306,,0.0,0.0,,,,,,,,,,,0.879,3.143,,,4.683,0.0,0.002,,,0.0,0.002,,,0.0,,,0.005,,0.0,,,0.007,,0.001,,0.0,0.0,,,,,
2019,PYF,279039.0,,0.0,0.0,0.89,0.011,1.25,,,,,,,3.191,,0.189,,,,,,0.0,29.645,,,0.0,,,29.645,,15742.186,,0.0,0.0,,,,,,,,,,,0.89,3.191,,,4.718,0.0,0.002,,,0.0,0.002,,,0.0,,,0.005,,0.0,,,0.007,,0.001,,0.0,0.0,,,,,
2020,PYF,279219.0,,0.0,0.0,0.832,-0.059,-6.584,,,,,,,2.979,,0.185,,,,,,0.0,30.477,,,0.0,,,30.477,,14898.559,,0.0,0.0,,,,,,,,,,,0.832,2.979,,,4.498,0.0,0.002,,,0.0,0.002,,,0.0,,,0.005,,0.0,,,0.008,,0.001,,0.0,0.0,,,,,
2021,PYF,279807.0,,0.0,0.0,0.876,0.044,5.286,,,,,,,3.13,,0.189,,,,,,0.0,31.353,,,0.0,,,31.353,,15242.301,,0.0,0.0,,,,,,,,,,,0.876,3.13,,,4.634,0.0,0.002,,,0.0,0.002,,,0.0,,,0.005,,0.0,,,0.008,,0.001,,0.0,0.0,,,,,
2022,PYF,280389.0,,0.0,0.0,0.897,0.021,2.394,,,,,,,3.198,,,,,,,,0.0,32.25,,,0.0,,,32.25,,,,0.0,0.0,,,,,,,,,,,0.897,3.198,,,,0.0,0.002,,,0.0,0.002,,,0.0,,,0.005,,0.0,,,0.008,,0.001,,0.0,0.0,,,,,
2023,PYF,281124.0,,0.0,0.0,0.916,0.019,2.174,,,,,,,3.259,,,,,,,,0.0,33.166,,,0.0,,,33.166,,,,0.0,0.0,,,,,,,,,,,0.916,3.259,,,,0.0,0.002,,,0.0,0.002,,,0.0,,,0.005,,0.0,,,0.008,,0.001,,0.0,0.0,,,,,
