year,iso_code,population,gdp,cement_co2,cement_co2_per_capita,co2,co2_growth_abs,co2_growth_prct,co2_including_luc,co2_including_luc_growth_abs,co2_including_luc_growth_prct,co2_including_luc_per_capita,co2_including_luc_per_gdp,co2_including_luc_per_unit_energy,co2_per_capita,co2_per_gdp,co2_per_unit_energy,coal_co2,coal_co2_per_capita,consumption_co2,consumption_co2_per_capita,consumption_co2_per_gdp,cumulative_cement_co2,cumulative_co2,cumulative_co2_including_luc,cumulative_coal_co2,cumulative_flaring_co2,cumulative_gas_co2,cumulative_luc_co2,cumulative_oil_co2,cumulative_other_co2,energy_per_capita,energy_per_gdp,flaring_co2,flaring_co2_per_capita,gas_co2,gas_co2_per_capita,ghg_excluding_lucf_per_capita,ghg_per_capita,land_use_change_co2,land_use_change_co2_per_capita,methane,methane_per_capita,nitrous_oxide,nitrous_oxide_per_capita,oil_co2,oil_co2_per_capita,other_co2_per_capita,other_industry_co2,primary_energy_consumption,share_global_cement_co2,share_global_co2,share_global_co2_including_luc,share_global_coal_co2,share_global_cumulative_cement_co2,share_global_cumulative_co2,share_global_cumulative_co2_including_luc,share_global_cumulative_coal_co2,share_global_cumulative_flaring_co2,share_global_cumulative_gas_co2,share_global_cumulative_luc_co2,share_global_cumulative_oil_co2,share_global_cumulative_other_co2,share_global_flaring_co2,share_global_gas_co2,share_global_luc_co2,share_global_oil_co2,share_global_other_co2,share_of_temperature_change_from_ghg,temperature_change_from_ch4,temperature_change_from_co2,temperature_change_from_ghg,temperature_change_from_n2o,total_ghg,total_ghg_excluding_lucf,trade_co2,trade_co2_share
1990,LSO,1809697.0,3205046016.0,0.0,0.0,1.473,,,2.156,,,1.191,0.673,2.45,0.814,0.46,1.674,1.142,0.631,,,,0.0,1.473,2.156,1.142,,,104.057,0.331,,489.147,0.275,,,,,1.231,2.432,0.683,0.377,1.542,0.852,0.648,0.358,0.331,0.183,,,0.88,0.0,0.006,0.008,0.013,0.0,0.0,0.0,0.0,,,0.016,0.0,,,,0.014,0.004,,0.013,0.0,0.0,0.0,0.0,4.401,2.228,,
1991,LSO,1842383.0,3210336512.0,0.0,0.0,1.528,0.055,3.731,2.634,0.478,22.153,1.429,0.82,2.946,0.829,0.476,1.709,1.194,0.648,,,,0.0,3.001,4.79,2.337,,,105.162,0.664,,488.642,0.278,,,,,1.246,2.568,1.106,0.6,1.557,0.845,0.64,0.347,0.333,0.181,,,0.894,0.0,0.007,0.009,0.014,0.0,0.0,0.0,0.001,,,0.016,0.0,,,,0.022,0.003,,0.013,0.0,0.0,0.0,0.0,4.731,2.296,,
1992,LSO,1873281.0,3373566976.0,0.0,0.0,1.587,0.059,3.837,2.347,-0.287,-10.898,1.253,0.696,2.521,0.847,0.47,1.704,1.246,0.665,,,,0.0,4.587,7.136,3.583,,,105.922,1.005,,500.827,0.276,,,,,1.259,2.435,0.76,0.406,1.668,0.89,0.688,0.367,0.341,0.182,,,0.931,0.0,0.007,0.008,0.015,0.0,0.001,0.0,0.001,,,0.016,0.0,,,,0.014,0.004,,0.013,0.0,0.0,0.0,0.0,4.562,2.359,,
1993,LSO,1901801.0,3409484288.0,0.0,0.0,1.634,0.048,3.002,2.073,-0.274,-11.656,1.09,0.608,2.155,0.859,0.479,1.699,1.286,0.676,,,,0.0,6.221,9.209,4.869,,,106.361,1.353,,510.093,0.282,,,,,1.268,2.336,0.439,0.231,1.642,0.863,0.681,0.358,0.348,0.183,,,0.962,0.0,0.007,0.007,0.015,0.0,0.001,0.001,0.001,,,0.016,0.0,,,,0.009,0.004,,0.013,0.0,0.0,0.0,0.0,4.442,2.412,,
1994,LSO,1927709.0,3499928064.0,0.0,0.0,1.674,0.04,2.466,1.954,-0.119,-5.73,1.014,0.558,1.828,0.869,0.478,1.566,1.326,0.688,,,,0.0,7.896,11.163,6.195,0.0,,106.641,1.701,,559.585,0.305,0.0,0.0,,,1.274,2.244,0.28,0.145,1.61,0.835,0.673,0.349,0.348,0.181,,,1.069,0.0,0.007,0.007,0.015,0.0,0.001,0.001,0.001,0.0,,0.016,0.001,,0.0,,0.005,0.004,,0.013,0.0,0.0,0.0,0.0,4.326,2.456,,
1995,LSO,1951442.0,3490315776.0,0.0,0.0,1.707,0.033,1.969,2.098,0.144,7.364,1.075,0.601,1.937,0.875,0.489,1.576,1.352,0.693,,,,0.0,9.603,13.262,7.547,0.0,,107.032,2.056,,560.043,0.31,0.0,0.0,,,1.285,2.27,0.391,0.2,1.579,0.809,0.647,0.332,0.355,0.182,,,1.083,0.0,0.007,0.007,0.015,0.0,0.001,0.001,0.002,0.0,,0.016,0.001,,0.0,,0.007,0.004,,0.013,0.0,0.0,0.0,0.0,4.43,2.508,,
1996,LSO,1972424.0,3610274048.0,0.0,0.0,1.737,0.029,1.717,2.267,0.169,8.031,1.149,0.628,2.068,0.881,0.481,1.584,1.378,0.699,,,,0.0,11.34,15.528,8.925,0.0,,107.562,2.415,,560.712,0.304,0.0,0.0,,,1.289,2.317,0.53,0.269,1.556,0.789,0.655,0.332,0.358,0.182,,,1.096,0.0,0.007,0.007,0.015,0.0,0.001,0.001,0.002,0.0,,0.016,0.001,,0.0,,0.009,0.004,,0.013,0.0,0.0,0.0,0.0,4.571,2.542,,
1997,LSO,1988139.0,3655545088.0,0.0,0.0,1.77,0.033,1.899,2.166,-0.101,-4.458,1.089,0.592,2.01,0.89,0.484,1.643,1.404,0.706,,,,0.0,13.11,17.694,10.33,0.0,,107.958,2.78,,546.07,0.295,0.0,0.0,,,1.297,2.32,0.396,0.199,1.614,0.812,0.678,0.341,0.366,0.184,,,1.077,0.0,0.007,0.007,0.016,0.0,0.001,0.001,0.002,0.0,,0.016,0.001,,0.0,,0.005,0.004,,0.013,0.0,0.0,0.0,0.0,4.613,2.578,,
1998,LSO,1998049.0,3647322624.0,0.0,0.0,1.803,0.033,1.863,2.153,-0.013,-0.589,1.077,0.59,2.297,0.902,0.494,1.924,1.433,0.717,,,,0.0,14.912,19.847,11.762,0.0,,108.308,3.15,,471.963,0.257,0.0,0.0,,,1.312,2.257,0.35,0.175,1.477,0.739,0.609,0.305,0.37,0.185,,,0.937,0.0,0.007,0.007,0.016,0.0,0.001,0.001,0.002,0.0,,0.015,0.001,,0.0,,0.006,0.004,,0.013,0.0,0.0,0.0,0.0,4.51,2.622,,
1999,LSO,2003238.0,3670807296.0,0.0,0.0,1.825,0.022,1.22,2.396,0.244,11.314,1.196,0.653,1.752,0.911,0.497,1.334,1.451,0.724,,,,0.0,16.737,22.243,13.213,0.0,,108.88,3.524,,685.755,0.373,0.0,0.0,,,1.338,2.656,0.572,0.285,1.861,0.929,0.794,0.396,0.374,0.187,,,1.368,0.0,0.007,0.008,0.016,0.0,0.002,0.001,0.003,0.0,,0.015,0.001,,0.0,,0.01,0.004,,0.013,0.0,0.0,0.0,0.0,5.322,2.68,,
2000,LSO,2003918.0,3769602048.0,0.0,0.0,1.85,0.026,1.406,2.185,-0.211,-8.813,1.091,0.58,0.885,0.923,0.491,0.749,1.469,0.733,,,,0.0,18.587,24.429,14.682,0.0,,109.215,3.905,,1235.516,0.655,0.0,0.0,,,1.359,2.687,0.335,0.167,1.815,0.906,0.778,0.388,0.381,0.19,,,2.469,0.0,0.007,0.007,0.016,0.0,0.002,0.001,0.003,0.0,,0.015,0.001,,0.0,,0.006,0.004,,0.013,0.0,0.0,0.0,0.0,5.385,2.723,,
2001,LSO,2000859.0,3838921472.0,0.0,0.0,1.876,0.026,1.386,1.736,-0.449,-20.538,0.868,0.452,0.694,0.938,0.489,0.75,1.491,0.745,,,,0.0,20.463,26.165,16.174,0.0,,109.075,4.29,,1251.148,0.652,0.0,0.0,,,1.377,2.635,-0.139,-0.07,1.803,0.901,0.776,0.388,0.385,0.192,,,2.502,0.0,0.007,0.006,0.016,0.0,0.002,0.001,0.003,0.0,,0.015,0.001,,0.0,,-0.003,0.004,,0.013,0.0,0.0,0.0,0.0,5.273,2.756,,
2002,LSO,1994686.0,3773087744.0,0.0,0.0,1.905,0.029,1.562,1.751,0.014,0.827,0.878,0.464,0.681,0.955,0.505,0.741,1.516,0.76,,,,0.0,22.369,27.916,17.69,0.0,,108.921,4.679,,1287.35,0.682,0.0,0.0,,,1.399,2.648,-0.154,-0.077,1.693,0.849,0.674,0.338,0.389,0.195,,,2.572,0.0,0.007,0.006,0.016,0.0,0.002,0.002,0.003,0.0,,0.015,0.001,,0.0,,-0.003,0.004,,0.013,0.0,0.0,0.0,0.0,5.281,2.791,,
2003,LSO,1985060.0,3857951232.0,0.0,0.0,1.931,0.026,1.346,2.163,0.413,23.568,1.09,0.561,0.827,0.973,0.501,0.738,1.543,0.777,,,,0.0,24.3,30.079,19.232,0.0,,109.153,5.067,,1312.488,0.678,0.0,0.0,,,1.426,2.973,0.233,0.117,1.739,0.876,0.695,0.35,0.388,0.196,,,2.616,0.0,0.007,0.006,0.015,0.0,0.002,0.002,0.003,0.0,,0.015,0.001,,0.0,,0.004,0.004,,0.013,0.0,0.0,0.0,0.0,5.901,2.831,,
2004,LSO,1971132.0,3857815808.0,0.0,0.0,1.982,0.051,2.657,2.495,0.332,15.327,1.266,0.647,0.95,1.006,0.514,0.755,1.572,0.797,,,,0.0,26.282,32.574,20.804,0.0,,109.666,5.478,,1322.357,0.681,0.0,0.0,,,1.471,3.381,0.513,0.26,1.705,0.865,0.666,0.338,0.41,0.208,,,2.625,0.0,0.007,0.007,0.014,0.0,0.002,0.002,0.004,0.0,,0.015,0.001,,0.0,,0.009,0.004,,0.013,0.0,0.0,0.0,0.0,6.665,2.899,,
2005,LSO,1953080.0,3870538496.0,0.0,0.0,2.012,0.029,1.479,3.399,0.904,36.235,1.74,0.878,1.099,1.03,0.52,0.65,1.598,0.818,,,,0.0,28.293,35.974,22.402,0.0,,111.054,5.892,,1564.156,0.799,0.0,0.0,,,1.51,2.945,1.388,0.71,1.824,0.934,0.732,0.375,0.414,0.212,,,3.093,0.0,0.007,0.01,0.014,0.0,0.002,0.002,0.004,0.0,,0.015,0.001,,0.0,,0.028,0.004,,0.013,0.0,0.0,0.0,0.0,5.752,2.949,,
2006,LSO,1945066.0,3946096384.0,0.0,0.0,2.037,0.026,1.275,5.516,2.117,62.28,2.836,1.398,1.678,1.047,0.516,0.62,1.627,0.836,,,,0.0,30.331,41.49,24.028,0.0,,114.533,6.302,,1662.715,0.833,0.0,0.0,,,1.534,3.149,3.479,1.789,1.776,0.913,0.724,0.372,0.41,0.211,,,3.287,0.0,0.007,0.015,0.013,0.0,0.002,0.002,0.004,0.0,,0.015,0.001,,0.0,,0.065,0.004,,0.013,0.0,0.0,0.0,0.0,6.124,2.984,,
2007,LSO,1953272.0,4038812416.0,0.0,0.0,2.074,0.037,1.799,6.934,1.418,25.712,3.55,1.717,1.746,1.062,0.513,0.522,1.652,0.846,,,,0.0,32.404,48.424,25.681,0.0,,119.393,6.723,,2002.339,0.983,0.0,0.0,,,1.554,3.091,4.861,2.488,1.813,0.928,0.749,0.383,0.421,0.216,,,3.972,0.0,0.007,0.019,0.013,0.0,0.003,0.002,0.004,0.0,,0.016,0.002,,0.0,,0.106,0.004,,0.013,0.0,0.0,0.0,0.0,6.037,3.035,,
2008,LSO,1966547.0,4170596864.0,0.0,0.0,2.125,0.051,2.474,6.183,-0.751,-10.836,3.144,1.483,1.717,1.081,0.51,0.59,1.682,0.855,,,,0.0,34.53,54.607,27.363,0.0,,123.451,7.167,,1805.361,0.864,0.0,0.0,,,1.572,2.528,4.058,2.063,1.782,0.906,0.696,0.354,0.443,0.225,,,3.602,0.0,0.007,0.017,0.013,0.0,0.003,0.003,0.004,0.0,,0.016,0.002,,0.0,,0.083,0.004,,0.013,0.0,0.0,0.0,0.0,4.971,3.091,,
2009,LSO,1980885.0,4214040320.0,0.0,0.0,2.217,0.092,4.31,5.682,-0.501,-8.11,2.868,1.348,1.38,1.119,0.526,0.539,1.711,0.864,,,,0.0,36.746,60.289,29.074,0.0,,126.916,7.672,,2048.805,0.977,0.0,0.0,,,1.616,2.251,3.465,1.749,1.804,0.911,0.71,0.358,0.506,0.255,,,4.116,0.0,0.007,0.015,0.013,0.0,0.003,0.003,0.005,0.0,,0.017,0.002,,0.0,,0.066,0.005,,0.013,0.0,0.0,0.0,0.0,4.459,3.2,,
2010,LSO,1996257.0,4442653696.0,0.0,0.0,2.275,0.059,2.645,5.283,-0.398,-7.01,2.647,1.189,1.201,1.14,0.512,0.517,1.751,0.877,,,,0.0,39.022,65.572,30.825,0.0,,129.924,8.196,,2175.061,0.99,0.0,0.0,,,1.635,2.146,3.008,1.507,1.795,0.899,0.699,0.35,0.524,0.262,,,4.4,0.0,0.007,0.014,0.013,0.0,0.003,0.003,0.005,0.0,,0.017,0.002,,0.0,,0.055,0.005,,0.013,0.0,0.0,0.0,0.0,4.284,3.264,,
2011,LSO,2014015.0,4516049920.0,0.0,0.0,3.063,0.788,34.622,5.128,-0.155,-2.938,2.546,1.136,1.302,1.521,0.678,0.778,2.514,1.248,,,,0.0,42.085,70.7,33.339,0.0,,131.989,8.746,,1932.633,0.872,0.0,0.0,,,2.016,2.309,2.065,1.025,1.824,0.906,0.71,0.352,0.55,0.273,,,3.938,0.0,0.009,0.013,0.017,0.0,0.003,0.003,0.005,0.0,,0.017,0.002,,0.0,,0.039,0.005,,0.013,0.0,0.0,0.0,0.0,4.651,4.06,,
2012,LSO,2034363.0,4740080128.0,0.0,0.0,3.092,0.029,0.957,4.714,-0.414,-8.08,2.317,0.994,1.135,1.52,0.652,0.745,2.499,1.228,,,,0.0,45.177,75.414,35.838,0.0,,133.61,9.34,,2021.036,0.876,0.0,0.0,,,2.013,2.178,1.621,0.797,1.836,0.902,0.7,0.344,0.594,0.292,,,4.153,0.0,0.009,0.012,0.017,0.0,0.003,0.003,0.005,0.0,,0.017,0.002,,0.0,,0.029,0.005,,0.013,0.0,0.0,0.0,0.0,4.431,4.095,,
2013,LSO,2056508.0,4954224128.0,0.0,0.0,2.334,-0.758,-24.526,5.028,0.314,6.672,2.445,1.015,1.187,1.135,0.471,0.551,1.74,0.846,,,,0.0,47.511,80.442,37.578,0.0,,136.305,9.933,,2043.126,0.855,0.0,0.0,,,1.622,1.975,2.694,1.31,1.762,0.857,0.655,0.318,0.594,0.289,,,4.237,0.0,0.007,0.012,0.012,0.0,0.003,0.004,0.005,0.0,,0.018,0.002,,0.0,,0.053,0.005,,0.013,0.0,0.0,0.0,0.0,4.061,3.336,,
2014,LSO,2080091.0,5134647808.0,0.0,0.0,2.473,0.139,5.965,3.759,-1.269,-25.233,1.807,0.732,0.865,1.189,0.482,0.569,1.898,0.912,,,,0.0,49.984,84.202,39.476,0.0,,137.591,10.508,,2074.063,0.846,0.0,0.0,,,1.673,1.719,1.286,0.618,1.753,0.843,0.641,0.308,0.575,0.277,,,4.346,0.0,0.007,0.009,0.013,0.0,0.003,0.004,0.006,0.0,,0.018,0.002,,0.0,,0.024,0.005,,0.012,0.0,0.0,0.0,0.0,3.576,3.481,,
2015,LSO,2104613.0,5279079936.0,0.0,0.0,2.242,-0.231,-9.333,7.131,3.371,89.679,3.388,1.351,1.681,1.065,0.425,0.528,1.63,0.775,,,,0.0,52.227,91.332,41.106,0.0,,142.479,11.12,,2002.84,0.804,0.0,0.0,,,1.545,2.841,4.888,2.323,1.738,0.826,0.64,0.304,0.612,0.291,,,4.243,0.0,0.006,0.017,0.011,0.0,0.003,0.004,0.006,0.0,,0.018,0.002,,0.0,,0.088,0.005,,0.012,0.0,0.0,0.0,0.0,5.98,3.251,,
2016,LSO,2130426.0,5418792960.0,0.0,0.0,2.213,-0.029,-1.307,8.305,1.174,16.466,3.898,1.533,1.808,1.039,0.408,0.482,1.565,0.734,,,,0.0,54.44,99.637,42.671,0.0,,148.571,11.769,,2142.459,0.848,0.0,0.0,,,1.516,3.282,6.092,2.859,1.725,0.81,0.623,0.292,0.649,0.304,,,4.593,0.0,0.006,0.021,0.011,0.0,0.004,0.004,0.006,0.0,,0.019,0.002,,0.0,,0.138,0.005,,0.012,0.0,0.0,0.0,0.0,6.992,3.229,,
2017,LSO,2157116.0,5197453312.0,0.0,0.0,2.514,0.3,13.576,7.932,-0.373,-4.496,3.677,1.526,1.621,1.165,0.484,0.514,1.858,0.861,,,,0.0,56.953,107.569,44.529,0.0,,153.989,12.425,,2253.617,0.941,0.0,0.0,,,1.637,3.118,5.418,2.512,1.822,0.845,0.673,0.312,0.656,0.304,,,4.892,0.0,0.007,0.02,0.013,0.0,0.004,0.005,0.006,0.0,,0.019,0.002,,0.0,,0.128,0.005,,0.012,0.0,0.0,0.0,0.0,6.725,3.531,,
2018,LSO,2183612.0,5068079104.0,0.0,0.0,2.371,-0.143,-5.685,6.884,-1.048,-13.214,3.152,1.358,1.435,1.086,0.468,0.494,1.682,0.77,,,,0.0,59.324,114.452,46.21,0.0,,158.502,13.114,,2182.018,0.946,0.0,0.0,,,1.552,2.576,4.513,2.067,1.717,0.786,0.619,0.284,0.689,0.315,,,4.796,0.0,0.006,0.017,0.011,0.0,0.004,0.005,0.006,0.0,,0.02,0.002,,0.0,,0.117,0.006,,0.012,0.0,0.0,0.0,0.0,5.626,3.39,,
2019,LSO,2209414.0,4996214272.0,0.0,0.0,2.389,0.018,0.773,6.241,-0.643,-9.341,2.825,1.249,1.281,1.081,0.478,0.49,1.671,0.756,,,,0.0,61.713,120.693,47.881,0.0,,162.354,13.832,,2188.859,0.975,0.0,0.0,,,1.55,2.324,3.852,1.743,1.642,0.743,0.565,0.256,0.718,0.325,,,4.872,0.0,0.006,0.015,0.011,0.0,0.004,0.005,0.006,0.0,,0.02,0.002,,0.0,,0.102,0.006,,0.012,0.0,0.0,0.0,0.0,5.135,3.425,,
2020,LSO,2235727.0,4623560704.0,0.0,0.0,2.173,-0.216,-9.049,5.578,-0.662,-10.613,2.495,1.206,1.183,0.972,0.47,0.461,1.539,0.688,,,,0.0,63.886,126.271,49.42,0.0,,165.759,14.466,,2092.531,1.02,0.0,0.0,,,1.441,1.959,3.405,1.523,1.47,0.657,0.459,0.205,0.634,0.284,,,4.717,0.0,0.006,0.014,0.011,0.0,0.004,0.005,0.006,0.0,,0.02,0.002,,0.0,,0.099,0.006,,0.012,0.0,0.0,0.0,0.0,4.379,3.222,,
2021,LSO,2261549.0,4709220352.0,0.0,0.0,3.426,1.253,57.673,6.735,1.157,20.733,2.978,1.43,1.384,1.515,0.727,0.704,2.726,1.205,,,,0.0,67.311,133.006,52.146,0.0,,169.068,15.165,,2132.814,1.033,0.0,0.0,,,1.984,2.66,3.309,1.463,1.622,0.717,0.549,0.243,0.7,0.309,,,4.866,0.0,0.009,0.017,0.018,0.0,0.004,0.005,0.006,0.0,,0.021,0.003,,0.0,,0.093,0.006,,0.012,0.0,0.0,0.0,0.0,6.017,4.486,,
2022,LSO,2286112.0,4761723392.0,0.0,0.0,3.833,0.407,11.873,6.863,0.129,1.909,3.002,1.441,,1.676,0.805,,3.097,1.355,,,,0.0,71.144,139.869,55.243,0.0,,172.099,15.901,,,,0.0,0.0,,,2.142,2.757,3.031,1.326,1.621,0.709,0.545,0.238,0.736,0.322,,,,0.0,0.01,0.017,0.02,0.0,0.004,0.005,0.007,0.0,,0.021,0.003,,0.0,,0.086,0.006,,0.012,0.0,0.0,0.0,0.0,6.303,4.898,,
2023,LSO,2311476.0,,0.0,0.0,3.889,0.056,1.466,6.716,-0.147,-2.148,2.905,,,1.682,,,3.134,1.356,,,,0.0,75.033,146.585,58.378,0.0,,174.926,16.655,,,,0.0,0.0,,,2.15,2.675,2.827,1.223,1.551,0.671,0.498,0.215,0.754,0.326,,,,0.0,0.01,0.016,0.02,0.0,0.004,0.006,0.007,0.0,,0.021,0.003,,0.0,,0.078,0.006,,0.012,0.0,0.0,0.0,0.0,6.184,4.97,,
