year,iso_code,population,gdp,cement_co2,cement_co2_per_capita,co2,co2_growth_abs,co2_growth_prct,co2_including_luc,co2_including_luc_growth_abs,co2_including_luc_growth_prct,co2_including_luc_per_capita,co2_including_luc_per_gdp,co2_including_luc_per_unit_energy,co2_per_capita,co2_per_gdp,co2_per_unit_energy,coal_co2,coal_co2_per_capita,consumption_co2,consumption_co2_per_capita,consumption_co2_per_gdp,cumulative_cement_co2,cumulative_co2,cumulative_co2_including_luc,cumulative_coal_co2,cumulative_flaring_co2,cumulative_gas_co2,cumulative_luc_co2,cumulative_oil_co2,cumulative_other_co2,energy_per_capita,energy_per_gdp,flaring_co2,flaring_co2_per_capita,gas_co2,gas_co2_per_capita,ghg_excluding_lucf_per_capita,ghg_per_capita,land_use_change_co2,land_use_change_co2_per_capita,methane,methane_per_capita,nitrous_oxide,nitrous_oxide_per_capita,oil_co2,oil_co2_per_capita,other_co2_per_capita,other_industry_co2,primary_energy_consumption,share_global_cement_co2,share_global_co2,share_global_co2_including_luc,share_global_coal_co2,share_global_cumulative_cement_co2,share_global_cumulative_co2,share_global_cumulative_co2_including_luc,share_global_cumulative_coal_co2,share_global_cumulative_flaring_co2,share_global_cumulative_gas_co2,share_global_cumulative_luc_co2,share_global_cumulative_oil_co2,share_global_cumulative_other_co2,share_global_flaring_co2,share_global_gas_co2,share_global_luc_co2,share_global_oil_co2,share_global_other_co2,share_of_temperature_change_from_ghg,temperature_change_from_ch4,temperature_change_from_co2,temperature_change_from_ghg,temperature_change_from_n2o,total_ghg,total_ghg_excluding_lucf,trade_co2,trade_co2_share
1992,FSM,104822.0,,0.0,0.0,0.136,,,0.136,,,1.293,,,1.293,,,,,,,,0.0,0.136,0.136,,,,0.0,0.136,,0.0,,,,,,1.334,0.751,0.0,0.0,0.004,0.041,0.0,0.0,0.136,1.293,,,0.0,0.0,0.001,0.0,,0.0,0.0,0.0,,,,0.0,0.0,,,,0.0,0.001,,0.0,0.0,0.0,0.0,0.0,0.079,0.14,,
1993,FSM,107082.0,,0.0,0.0,0.143,0.007,5.405,0.143,0.007,5.405,1.334,,,1.334,,,,,,,,0.0,0.278,0.278,,,,0.0,0.278,,0.0,,,,,,1.375,0.836,0.0,0.0,0.004,0.041,0.0,0.0,0.143,1.334,,,0.0,0.0,0.001,0.001,,0.0,0.0,0.0,,,,0.0,0.0,,,,0.0,0.002,,0.0,0.0,0.0,0.0,0.0,0.09,0.147,,
1994,FSM,109090.0,,0.0,0.0,0.154,0.011,7.692,0.154,0.011,7.692,1.411,,,1.411,,,,,,,,0.0,0.432,0.432,,0.0,,0.0,0.432,,0.0,,0.0,0.0,,,1.451,0.945,0.0,0.0,0.004,0.041,0.0,0.0,0.154,1.411,,,0.0,0.0,0.001,0.001,,0.0,0.0,0.0,,0.0,,0.0,0.0,,0.0,,0.0,0.002,,0.0,0.0,0.0,0.0,0.0,0.103,0.158,,
1995,FSM,110245.0,,0.0,0.0,0.18,0.026,16.667,0.18,0.026,16.667,1.629,,,1.629,,,,,,,,0.0,0.612,0.612,,0.0,,0.0,0.612,,0.0,,0.0,0.0,,,1.669,1.682,0.0,0.0,0.046,0.418,0.012,0.113,0.18,1.629,,,0.0,0.0,0.001,0.001,,0.0,0.0,0.0,,0.0,,0.0,0.0,,0.0,,0.0,0.002,,0.0,0.0,0.0,0.0,0.0,0.185,0.184,,
1996,FSM,110722.0,,0.0,0.0,0.183,0.004,2.041,0.183,0.004,2.041,1.655,,,1.655,,,,,,,,0.0,0.795,0.795,,0.0,,0.0,0.795,,0.0,,0.0,0.0,,,1.695,1.731,0.0,0.0,0.046,0.417,0.012,0.113,0.183,1.655,,,0.0,0.0,0.001,0.001,,0.0,0.0,0.0,,0.0,,0.0,0.0,,0.0,,0.0,0.002,,0.0,0.0,0.0,0.0,0.0,0.192,0.188,,
1997,FSM,111086.0,,0.0,0.0,0.194,0.011,6.0,0.194,0.011,6.0,1.748,,,1.748,,,,,,,,0.0,0.989,0.989,,0.0,,0.0,0.989,,0.0,,0.0,0.0,,,1.789,1.844,0.0,0.0,0.046,0.416,0.012,0.112,0.194,1.748,,,0.0,0.0,0.001,0.001,,0.0,0.0,0.0,,0.0,,0.0,0.0,,0.0,,0.0,0.002,,0.0,0.0,0.0,0.0,0.0,0.205,0.199,,
1998,FSM,111394.0,,0.0,0.0,0.202,0.007,3.774,0.202,0.007,3.774,1.809,,,1.809,,,,,,,,0.0,1.191,1.191,,0.0,,0.0,1.191,,0.0,,0.0,0.0,,,1.85,1.92,0.0,0.0,0.046,0.415,0.012,0.112,0.202,1.809,,,0.0,0.0,0.001,0.001,,0.0,0.0,0.0,,0.0,,0.0,0.0,,0.0,,0.0,0.002,,0.0,0.0,0.0,0.0,0.0,0.214,0.206,,
1999,FSM,111693.0,,0.0,0.0,0.191,-0.011,-5.455,0.191,-0.011,-5.455,1.706,,,1.706,,,,,,,,0.0,1.381,1.381,,0.0,,0.0,1.381,,0.0,,0.0,0.0,,,1.746,1.835,0.0,0.0,0.046,0.413,0.012,0.112,0.191,1.706,,,0.0,0.0,0.001,0.001,,0.0,0.0,0.0,,0.0,,0.0,0.0,,0.0,,0.0,0.002,,0.0,0.0,0.0,0.0,0.0,0.205,0.195,,
2000,FSM,112067.0,,0.0,0.0,0.18,-0.011,-5.769,0.18,-0.011,-5.769,1.602,,0.341,1.602,,0.341,,,,,,0.0,1.561,1.561,,0.0,,0.0,1.561,,4708.033,,0.0,0.0,,,1.642,1.742,0.0,0.0,0.046,0.412,0.012,0.111,0.18,1.602,,,0.526,0.0,0.001,0.001,,0.0,0.0,0.0,,0.0,,0.0,0.0,,0.0,,0.0,0.002,,0.0,0.0,0.0,0.0,0.0,0.195,0.184,,
2001,FSM,112378.0,,0.0,0.0,0.165,-0.015,-8.163,0.165,-0.015,-8.163,1.467,,0.276,1.467,,0.276,,,,,,0.0,1.726,1.726,,0.0,,0.0,1.726,,5337.553,,0.0,0.0,,,1.507,1.618,0.0,0.0,0.046,0.411,0.012,0.111,0.165,1.467,,,0.598,0.0,0.001,0.001,,0.0,0.0,0.0,,0.0,,0.0,0.0,,0.0,,0.0,0.002,,0.0,0.0,0.0,0.0,0.0,0.182,0.169,,
2002,FSM,112463.0,,0.0,0.0,0.15,-0.015,-8.889,0.15,-0.015,-8.889,1.336,,0.27,1.336,,0.27,,,,,,0.0,1.876,1.876,,0.0,,0.0,1.876,,4962.981,,0.0,0.0,,,1.375,1.496,0.0,0.0,0.046,0.411,0.012,0.111,0.15,1.336,,,0.556,0.0,0.001,0.0,,0.0,0.0,0.0,,0.0,,0.0,0.0,,0.0,,0.0,0.001,,0.0,0.0,0.0,0.0,0.0,0.168,0.155,,
2003,FSM,112298.0,,0.0,0.0,0.161,0.011,7.317,0.161,0.011,7.317,1.436,,0.269,1.436,,0.269,,,,,,0.0,2.037,2.037,,0.0,,0.0,2.037,,5361.374,,0.0,0.0,,,1.475,1.607,0.0,0.0,0.046,0.412,0.012,0.111,0.161,1.436,,,0.6,0.0,0.001,0.0,,0.0,0.0,0.0,,0.0,,0.0,0.001,,0.0,,0.0,0.002,,0.0,0.0,0.0,0.0,0.0,0.18,0.166,,
2004,FSM,111939.0,,0.0,0.0,0.143,-0.018,-11.364,0.143,-0.018,-11.364,1.277,,0.248,1.277,,0.248,,,,,,0.0,2.18,2.18,,0.0,,0.0,2.18,,5176.646,,0.0,0.0,,,1.316,1.453,0.0,0.0,0.046,0.414,0.012,0.111,0.143,1.277,,,0.577,0.0,0.0,0.0,,0.0,0.0,0.0,,0.0,,0.0,0.001,,0.0,,0.0,0.001,,0.0,0.0,0.0,0.0,0.0,0.163,0.147,,
2005,FSM,111420.0,,0.0,0.0,0.117,-0.026,-17.949,0.117,-0.026,-17.949,1.052,,0.238,1.052,,0.238,,,,,,0.0,2.297,2.297,,0.0,,0.0,2.297,,4437.15,,0.0,0.0,,,1.092,1.234,0.0,0.0,0.046,0.416,0.012,0.112,0.117,1.052,,,0.492,0.0,0.0,0.0,,0.0,0.0,0.0,,0.0,,0.0,0.001,,0.0,,0.0,0.001,,0.0,0.0,0.0,0.0,0.0,0.137,0.122,,
2006,FSM,110739.0,,0.0,0.0,0.114,-0.004,-3.125,0.114,-0.004,-3.125,1.026,,0.224,1.026,,0.224,,,,,,0.0,2.411,2.411,,0.0,,0.0,2.411,,4596.253,,0.0,0.0,,,1.065,1.209,0.0,0.0,0.046,0.418,0.012,0.113,0.114,1.026,,,0.507,0.0,0.0,0.0,,0.0,0.0,0.0,,0.0,,0.0,0.001,,0.0,,0.0,0.001,,0.0,0.0,0.0,0.0,0.0,0.134,0.118,,
2007,FSM,109895.0,,0.0,0.0,0.132,0.018,16.129,0.132,0.018,16.129,1.2,,0.233,1.2,,0.233,,,,,,0.0,2.543,2.543,,0.0,,0.0,2.543,,5161.648,,0.0,0.0,,,1.24,1.391,0.0,0.0,0.047,0.427,0.013,0.115,0.132,1.2,,,0.565,0.0,0.0,0.0,,0.0,0.0,0.0,,0.0,,0.0,0.001,,0.0,,0.0,0.001,,0.0,0.0,0.0,0.0,0.0,0.153,0.136,,
2008,FSM,108947.0,,0.0,0.0,0.11,-0.022,-16.667,0.11,-0.022,-16.667,1.009,,0.223,1.009,,0.223,,,,,,0.0,2.653,2.653,,0.0,,0.0,2.653,,4527.653,,0.0,0.0,,,1.049,1.189,0.0,0.0,0.047,0.431,0.013,0.116,0.11,1.009,,,0.492,0.0,0.0,0.0,,0.0,0.0,0.0,,0.0,,0.0,0.001,,0.0,,0.0,0.001,,0.0,0.0,0.0,0.0,0.0,0.13,0.114,,
2009,FSM,107968.0,,0.0,0.0,0.147,0.037,33.333,0.147,0.037,33.333,1.357,,0.216,1.357,,0.216,,,,,,0.0,2.799,2.799,,0.0,,0.0,2.799,,6300.389,,0.0,0.0,,,1.398,1.554,0.0,0.0,0.049,0.454,0.013,0.123,0.147,1.357,,,0.68,0.0,0.0,0.0,,0.0,0.0,0.0,,0.0,,0.0,0.001,,0.0,,0.0,0.001,,0.0,0.0,0.0,0.0,0.0,0.168,0.151,,
2010,FSM,107558.0,,0.0,0.0,0.103,-0.044,-30.0,0.103,-0.044,-30.0,0.954,,0.216,0.954,,0.216,,,,,,0.0,2.902,2.902,,0.0,,0.0,2.902,,4414.828,,0.0,0.0,,,0.994,1.143,0.0,0.0,0.049,0.456,0.013,0.124,0.103,0.954,,,0.475,0.0,0.0,0.0,,0.0,0.0,0.0,,0.0,,0.0,0.001,,0.0,,0.0,0.001,,0.0,0.0,0.0,0.0,0.0,0.123,0.107,,
2011,FSM,107713.0,,0.0,0.0,0.117,0.015,14.286,0.117,0.015,14.286,1.089,,0.214,1.089,,0.214,,,,,,0.0,3.019,3.019,,0.0,,0.0,3.019,,5086.256,,0.0,0.0,,,1.129,1.263,0.0,0.0,0.052,0.481,0.014,0.131,0.117,1.089,,,0.549,0.0,0.0,0.0,,0.0,0.0,0.0,,0.0,,0.0,0.001,,0.0,,0.0,0.001,,0.0,0.0,0.0,0.0,0.0,0.136,0.122,,
2012,FSM,107908.0,,0.0,0.0,0.125,0.007,6.25,0.125,0.007,6.25,1.154,,0.204,1.154,,0.204,,,,,,0.0,3.144,3.144,,0.0,,0.0,3.144,,5645.075,,0.0,0.0,,,1.194,1.272,0.0,0.0,0.052,0.481,0.014,0.131,0.125,1.154,,,0.611,0.0,0.0,0.0,,0.0,0.0,0.0,,0.0,,0.0,0.001,,0.0,,0.0,0.001,,0.0,0.0,0.0,0.0,0.0,0.137,0.129,,
2013,FSM,108133.0,,0.0,0.0,0.136,0.011,8.824,0.136,0.011,8.824,1.254,,0.211,1.254,,0.211,,,,,,0.0,3.279,3.279,,0.0,,0.0,3.279,,5924.762,,0.0,0.0,,,1.294,1.374,0.0,0.0,0.053,0.493,0.015,0.135,0.136,1.254,,,0.644,0.0,0.0,0.0,,0.0,0.0,0.0,,0.0,,0.0,0.001,,0.0,,0.0,0.001,,0.0,0.0,0.0,0.0,0.0,0.149,0.14,,
2014,FSM,108407.0,,0.0,0.0,0.136,0.0,0.0,0.136,0.0,0.0,1.251,,0.201,1.251,,0.201,,,,,,0.0,3.415,3.415,,0.0,,0.0,3.415,,6181.367,,0.0,0.0,,,1.291,1.376,0.0,0.0,0.054,0.5,0.015,0.134,0.136,1.251,,,0.674,0.0,0.0,0.0,,0.0,0.0,0.0,,0.0,,0.0,0.001,,0.0,,0.0,0.001,,0.0,0.0,0.0,0.0,0.0,0.149,0.14,,
2015,FSM,108727.0,,0.0,0.0,0.143,0.007,5.405,0.143,0.007,5.405,1.314,,0.202,1.314,,0.202,,,,,,0.0,3.558,3.558,,0.0,,0.0,3.558,,6471.856,,0.0,0.0,,,1.354,1.444,0.0,0.0,0.055,0.505,0.015,0.137,0.143,1.314,,,0.709,0.0,0.0,0.0,,0.0,0.0,0.0,,0.0,,0.0,0.001,,0.0,,0.0,0.001,,0.0,0.0,0.0,0.0,0.0,0.157,0.147,,
2016,FSM,109090.0,,0.0,0.0,0.143,0.0,0.0,0.143,0.0,0.0,1.31,,0.191,1.31,,0.191,,,,,,0.0,3.701,3.701,,0.0,,0.0,3.701,,6817.641,,0.0,0.0,,,1.35,1.448,0.0,0.0,0.056,0.513,0.015,0.138,0.143,1.31,,,0.749,0.0,0.0,0.0,,0.0,0.0,0.0,,0.0,,0.0,0.001,,0.0,,0.0,0.001,,0.0,0.0,0.0,0.0,0.0,0.158,0.147,,
2017,FSM,109494.0,,0.0,0.0,0.143,0.0,0.0,0.143,0.0,0.0,1.305,,0.189,1.305,,0.189,,,,,,0.0,3.844,3.844,,0.0,,0.0,3.844,,6857.282,,0.0,0.0,,,1.345,1.434,0.0,0.0,0.055,0.504,0.015,0.136,0.143,1.305,,,0.757,0.0,0.0,0.0,,0.0,0.0,0.0,,0.0,,0.0,0.001,,0.0,,0.0,0.001,,0.0,0.0,0.0,0.0,0.0,0.157,0.147,,
2018,FSM,109925.0,,0.0,0.0,0.143,0.0,0.0,0.143,0.0,0.0,1.3,,0.187,1.3,,0.187,,,,,,0.0,3.986,3.986,,0.0,,0.0,3.986,,6882.262,,0.0,0.0,,,1.34,1.435,0.0,0.0,0.056,0.507,0.015,0.138,0.143,1.3,,,0.764,0.0,0.0,0.0,,0.0,0.0,0.0,,0.0,,0.0,0.001,,0.0,,0.0,0.001,,0.0,0.0,0.0,0.0,0.0,0.158,0.147,,
2019,FSM,110294.0,,0.0,0.0,0.147,0.004,2.564,0.147,0.004,2.564,1.329,,0.203,1.329,,0.203,,,,,,0.0,4.133,4.133,,0.0,,0.0,4.133,,6471.663,,0.0,0.0,,,1.369,1.476,0.0,0.0,0.057,0.516,0.015,0.14,0.147,1.329,,,0.721,0.0,0.0,0.0,,0.0,0.0,0.0,,0.0,,0.0,0.001,,0.0,,0.0,0.001,,0.0,0.0,0.0,0.0,0.0,0.163,0.151,,
2020,FSM,110931.0,,0.0,0.0,0.147,0.0,0.0,0.147,0.0,0.0,1.321,,0.203,1.321,,0.203,,,,,,0.0,4.28,4.28,,0.0,,0.0,4.28,,6445.422,,0.0,0.0,,,1.362,1.481,0.0,0.0,0.058,0.521,0.016,0.142,0.147,1.321,,,0.723,0.0,0.0,0.0,,0.0,0.0,0.0,,0.0,,0.0,0.001,,0.0,,0.0,0.001,,0.0,0.0,0.0,0.0,0.0,0.164,0.151,,
2021,FSM,111636.0,,0.0,0.0,0.143,-0.004,-2.5,0.143,-0.004,-2.5,1.28,,0.198,1.28,,0.198,,,,,,0.0,4.422,4.422,,0.0,,0.0,4.422,,6387.088,,0.0,0.0,,,1.321,1.457,0.0,0.0,0.059,0.53,0.016,0.144,0.143,1.28,,,0.723,0.0,0.0,0.0,,0.0,0.0,0.0,,0.0,,0.0,0.001,,0.0,,0.0,0.001,,0.0,0.0,0.0,0.0,0.0,0.163,0.147,,
2022,FSM,112124.0,,0.0,0.0,0.146,0.003,2.394,0.146,0.003,2.394,1.305,,,1.305,,,,,,,,0.0,4.569,4.569,,0.0,,0.0,4.569,,,,0.0,0.0,,,1.346,1.49,0.0,0.0,0.06,0.535,0.016,0.145,0.146,1.305,,,,0.0,0.0,0.0,,0.0,0.0,0.0,,0.0,,0.0,0.001,,0.0,,0.0,0.001,,0.0,0.0,0.0,0.0,0.0,0.167,0.151,,
2023,FSM,112646.0,,0.0,0.0,0.149,0.003,2.174,0.149,0.003,2.174,1.327,,,1.327,,,,,,,,0.0,4.718,4.718,,0.0,,0.0,4.718,,,,0.0,0.0,,,1.368,1.525,0.0,0.0,0.061,0.543,0.017,0.147,0.149,1.327,,,,0.0,0.0,0.0,,0.0,0.0,0.0,,0.0,,0.0,0.001,,0.0,,0.0,0.001,,0.0,0.0,0.0,0.0,0.0,0.172,0.154,,
