year,iso_code,population,gdp,cement_co2,cement_co2_per_capita,co2,co2_growth_abs,co2_growth_prct,co2_including_luc,co2_including_luc_growth_abs,co2_including_luc_growth_prct,co2_including_luc_per_capita,co2_including_luc_per_gdp,co2_including_luc_per_unit_energy,co2_per_capita,co2_per_gdp,co2_per_unit_energy,coal_co2,coal_co2_per_capita,consumption_co2,consumption_co2_per_capita,consumption_co2_per_gdp,cumulative_cement_co2,cumulative_co2,cumulative_co2_including_luc,cumulative_coal_co2,cumulative_flaring_co2,cumulative_gas_co2,cumulative_luc_co2,cumulative_oil_co2,cumulative_other_co2,energy_per_capita,energy_per_gdp,flaring_co2,flaring_co2_per_capita,gas_co2,gas_co2_per_capita,ghg_excluding_lucf_per_capita,ghg_per_capita,land_use_change_co2,land_use_change_co2_per_capita,methane,methane_per_capita,nitrous_oxide,nitrous_oxide_per_capita,oil_co2,oil_co2_per_capita,other_co2_per_capita,other_industry_co2,primary_energy_consumption,share_global_cement_co2,share_global_co2,share_global_co2_including_luc,share_global_coal_co2,share_global_cumulative_cement_co2,share_global_cumulative_co2,share_global_cumulative_co2_including_luc,share_global_cumulative_coal_co2,share_global_cumulative_flaring_co2,share_global_cumulative_gas_co2,share_global_cumulative_luc_co2,share_global_cumulative_oil_co2,share_global_cumulative_other_co2,share_global_flaring_co2,share_global_gas_co2,share_global_luc_co2,share_global_oil_co2,share_global_other_co2,share_of_temperature_change_from_ghg,temperature_change_from_ch4,temperature_change_from_co2,temperature_change_from_ghg,temperature_change_from_n2o,total_ghg,total_ghg_excluding_lucf,trade_co2,trade_co2_share
1962,MSR,11911.0,,0.0,0.0,0.004,,,,,,,,,0.308,,,,,,,,0.0,0.004,,,,,,0.004,,,,,,,,,,,,,,,,0.004,0.308,,,,0.0,0.0,,,0.0,0.0,,,,,,0.0,,,,,0.0,,0.0,,0.0,0.0,,,,,
1963,MSR,11825.0,,0.0,0.0,0.004,0.0,0.0,,,,,,,0.31,,,,,,,,0.0,0.007,,,,,,0.007,,,,,,,,,,,,,,,,0.004,0.31,,,,0.0,0.0,,,0.0,0.0,,,,,,0.0,,,,,0.0,,0.0,,0.0,0.0,,,,,
1964,MSR,11751.0,,0.0,0.0,0.007,0.004,100.0,,,,,,,0.624,,,,,,,,0.0,0.015,,,,,,0.015,,,,,,,,,,,,,,,,0.007,0.624,,,,0.0,0.0,,,0.0,0.0,,,,,,0.0,,,,,0.0,,0.0,,0.0,0.0,,,,,
1965,MSR,11667.0,,0.0,0.0,0.004,-0.004,-50.0,,,,,,,0.314,,,,,,,,0.0,0.018,,,,,,0.018,,,,,,,,,,,,,,,,0.004,0.314,,,,0.0,0.0,,,0.0,0.0,,,,,,0.0,,,,,0.0,,0.0,,0.0,0.0,,,,,
1966,MSR,11600.0,,0.0,0.0,0.007,0.004,100.0,,,,,,,0.632,,,,,,,,0.0,0.026,,,,,,0.026,,,,,,,,,,,,,,,,0.007,0.632,,,,0.0,0.0,,,0.0,0.0,,,,,,0.0,,,,,0.0,,0.0,,0.0,0.0,,,,,
1967,MSR,11526.0,,0.0,0.0,0.007,0.0,0.0,,,,,,,0.636,,,,,,,,0.0,0.033,,,,,,0.033,,,,,,,,,,,,,,,,0.007,0.636,,,,0.0,0.0,,,0.0,0.0,,,,,,0.0,,,,,0.0,,0.0,,0.0,0.0,,,,,
1968,MSR,11464.0,,0.0,0.0,0.007,0.0,0.0,,,,,,,0.639,,,,,,,,0.0,0.04,,,,,,0.04,,,,,,,,,,,,,,,,0.007,0.639,,,,0.0,0.0,,,0.0,0.0,,,,,,0.0,,,,,0.0,,0.0,,0.0,0.0,,,,,
1969,MSR,11399.0,,0.0,0.0,0.007,0.0,0.0,,,,,,,0.643,,,,,,,,0.0,0.048,,,,,,0.048,,,,,,,,,,,,,,,,0.007,0.643,,,,0.0,0.0,,,0.0,0.0,,,,,,0.0,,,,,0.0,,0.0,,0.0,0.0,,,,,
1970,MSR,11358.0,,0.0,0.0,0.015,0.007,100.0,,,,,,,1.29,,,,,,,,0.0,0.062,,,,,,0.062,,,,,,,,,,,,,,,,0.015,1.29,,,,0.0,0.0,,,0.0,0.0,,,,,,0.0,,,,,0.0,,0.0,,0.0,0.0,,,,,
1971,MSR,11361.0,,0.0,0.0,0.015,0.0,0.0,,,,,,,1.29,,,,,,,,0.0,0.077,,,,,,0.077,,,,,,,,,,,,,,,,0.015,1.29,,,,0.0,0.0,,,0.0,0.0,,,,,,0.0,,,,,0.0,,0.0,,0.0,0.0,,,,,
1972,MSR,11372.0,,0.0,0.0,0.015,0.0,0.0,,,,,,,1.289,,,,,,,,0.0,0.092,,,,,,0.092,,,,,,,,,,,,,,,,0.015,1.289,,,,0.0,0.0,,,0.0,0.0,,,,,,0.0,,,,,0.0,,0.0,,0.0,0.0,,,,,
1973,MSR,11388.0,,0.0,0.0,0.015,0.0,0.0,,,,,,,1.287,,,,,,,,0.0,0.106,,,,,,0.106,,,,,,,,,,,,,,,,0.015,1.287,,,,0.0,0.0,,,0.0,0.0,,,,,,0.0,,,,,0.0,,0.0,,0.0,0.0,,,,,
1974,MSR,11408.0,,0.0,0.0,0.015,0.0,0.0,,,,,,,1.285,,,,,,,,0.0,0.121,,,,,,0.121,,,,,,,,,,,,,,,,0.015,1.285,,,,0.0,0.0,,,0.0,0.0,,,,,,0.0,,,,,0.0,,0.0,,0.0,0.0,,,,,
1975,MSR,11434.0,,0.0,0.0,0.011,-0.004,-25.0,,,,,,,0.961,,,,,,,,0.0,0.132,,,,,,0.132,,,,,,,,,,,,,,,,0.011,0.961,,,,0.0,0.0,,,0.0,0.0,,,,,,0.0,,,,,0.0,,0.0,,0.0,0.0,,,,,
1976,MSR,11441.0,,0.0,0.0,0.011,0.0,0.0,,,,,,,0.961,,,,,,,,0.0,0.143,,,,,,0.143,,,,,,,,,,,,,,,,0.011,0.961,,,,0.0,0.0,,,0.0,0.0,,,,,,0.0,,,,,0.0,,0.0,,0.0,0.0,,,,,
1977,MSR,11458.0,,0.0,0.0,0.026,0.015,133.333,,,,,,,2.238,,,,,,,,0.0,0.169,,,,,,0.169,,,,,,,,,,,,,,,,0.026,2.238,,,,0.0,0.0,,,0.0,0.0,,,,,,0.0,,,,,0.0,,0.0,,0.0,0.0,,,,,
1978,MSR,11457.0,,0.0,0.0,0.026,0.0,0.0,,,,,,,2.239,,,,,,,,0.0,0.194,,,,,,0.194,,,,,,,,,,,,,,,,0.026,2.239,,,,0.0,0.0,,,0.0,0.0,,,,,,0.0,,,,,0.0,,0.0,,0.0,0.0,,,,,
1979,MSR,11437.0,,0.0,0.0,0.026,0.0,0.0,,,,,,,2.243,,,,,,,,0.0,0.22,,,,,,0.22,,,,,,,,,,,,,,,,0.026,2.243,,,,0.0,0.0,,,0.0,0.0,,,,,,0.0,,,,,0.0,,0.0,,0.0,0.0,,,,,
1980,MSR,11363.0,,0.0,0.0,0.015,-0.011,-42.857,,,,,,,1.29,,0.235,,,,,,0.0,0.234,,,,,,0.234,,5446.417,,,,,,,,,,,,,,0.015,1.29,,,0.062,0.0,0.0,,,0.0,0.0,,,,,,0.0,,,,,0.0,,0.0,,0.0,0.0,,,,,
1981,MSR,11274.0,,0.0,0.0,0.018,0.004,25.0,,,,,,,1.625,,0.294,,,,,,0.0,0.253,,,,,,0.253,,5469.678,,,,,,,,,,,,,,0.018,1.625,,,0.062,0.0,0.0,,,0.0,0.0,,,,,,0.0,,,,,0.0,,0.0,,0.0,0.0,,,,,
1982,MSR,11200.0,,0.0,0.0,0.018,0.0,0.0,,,,,,,1.636,,0.294,,,,,,0.0,0.271,,,,,,0.271,,5503.981,,,,,,,,,,,,,,0.018,1.636,,,0.062,0.0,0.0,,,0.0,0.0,,,,,,0.0,,,,,0.0,,0.0,,0.0,0.0,,,,,
1983,MSR,11146.0,,0.0,0.0,0.022,0.004,20.0,,,,,,,1.972,,0.353,,,,,,0.0,0.293,,,,,,0.293,,5535.274,,,,,,,,,,,,,,0.022,1.972,,,0.062,0.0,0.0,,,0.0,0.0,,,,,,0.0,,,,,0.0,,0.0,,0.0,0.0,,,,,
1984,MSR,11078.0,,0.0,0.0,0.022,0.0,0.0,,,,,,,1.984,,0.352,,,,,,0.0,0.315,,,,,,0.315,,5582.674,,,,,,,,,,,,,,0.022,1.984,,,0.062,0.0,0.0,,,0.0,0.0,,,,,,0.0,,,,,0.0,,0.0,,0.0,0.0,,,,,
1985,MSR,11018.0,,0.0,0.0,0.026,0.004,16.667,,,,,,,2.328,,0.206,,,,,,0.0,0.341,,,,,,0.341,,11193.852,,,,,,,,,,,,,,0.026,2.328,,,0.125,0.0,0.0,,,0.0,0.0,,,,,,0.0,,,,,0.0,,0.0,,0.0,0.0,,,,,
1986,MSR,10967.0,,0.0,0.0,0.029,0.004,14.286,,,,,,,2.673,,0.575,,,,,,0.0,0.37,,,,,,0.37,,4589.917,,,,,,,,,,,,,,0.029,2.673,,,0.051,0.0,0.0,,,0.0,0.0,,,,,,0.0,,,,,0.0,,0.0,,0.0,0.0,,,,,
1987,MSR,10920.0,,0.0,0.0,0.029,0.0,0.0,,,,,,,2.684,,0.46,,,,,,0.0,0.399,,,,,,0.399,,5774.471,,,,,,,,,,,,,,0.029,2.684,,,0.064,0.0,0.0,,,0.0,0.0,,,,,,0.0,,,,,0.0,,0.0,,0.0,0.0,,,,,
1988,MSR,10872.0,,0.0,0.0,0.029,0.0,0.0,,,,,,,2.696,,0.46,,,,,,0.0,0.429,,,,,,0.429,,5806.108,,,,,,,,,,,,,,0.029,2.696,,,0.064,0.0,0.0,,,0.0,0.0,,,,,,0.0,,,,,0.0,,0.0,,0.0,0.0,,,,,
1989,MSR,10798.0,,0.0,0.0,0.029,0.0,0.0,,,,,,,2.715,,0.46,,,,,,0.0,0.458,,,,,,0.458,,5841.641,,,,,,,,,,,,,,0.029,2.715,,,0.064,0.0,0.0,,,0.0,0.0,,,,,,0.0,,,,,0.0,,0.0,,0.0,0.0,,,,,
1990,MSR,10700.0,,0.0,0.0,0.029,0.0,0.0,,,,,,,2.739,,0.39,,,,,,0.0,0.487,,,,,,0.487,,6940.406,,,,,,,,,,,,,,0.029,2.739,,,0.075,0.0,0.0,,,0.0,0.0,,,,,,0.0,,,,,0.0,,0.0,,0.0,0.0,,,,,
1991,MSR,10464.0,,0.0,0.0,0.029,0.0,0.0,,,,,,,2.801,,0.223,,,,,,0.0,0.517,,,,,,0.517,,12398.994,,,,,,,,,,,,,,0.029,2.801,,,0.131,0.0,0.0,,,0.0,0.0,,,,,,0.0,,,,,0.0,,0.0,,0.0,0.0,,,,,
1992,MSR,10013.0,,0.0,0.0,0.029,0.0,0.0,,,,,,,2.927,,0.223,,,,,,0.0,0.546,,,,,,0.546,,12996.938,,,,,,,,,,,,,,0.029,2.927,,,0.132,0.0,0.0,,,0.0,0.0,,,,,,0.0,,,,,0.0,,0.0,,0.0,0.0,,,,,
1993,MSR,9454.0,,0.0,0.0,0.029,0.0,0.0,,,,,,,3.1,,0.223,,,,,,0.0,0.575,,,,,,0.575,,13722.97,,,,,,,,,,,,,,0.029,3.1,,,0.131,0.0,0.0,,,0.0,0.0,,,,,,0.0,,,,,0.0,,0.0,,0.0,0.0,,,,,
1994,MSR,8867.0,,0.0,0.0,0.033,0.004,12.5,,,,,,,3.719,,0.251,,,,,,0.0,0.608,,,0.0,,,0.608,,14622.862,,0.0,0.0,,,,,,,,,,,0.033,3.719,,,0.131,0.0,0.0,,,0.0,0.0,,,0.0,,,0.0,,0.0,,,0.0,,0.0,,0.0,0.0,,,,,
1995,MSR,8257.0,,0.0,0.0,0.033,0.0,0.0,,,,,,,3.994,,0.17,,,,,,0.0,0.641,,,0.0,,,0.641,,23150.402,,0.0,0.0,,,,,,,,,,,0.033,3.994,,,0.194,0.0,0.0,,,0.0,0.0,,,0.0,,,0.0,,0.0,,,0.0,,0.0,,0.0,0.0,,,,,
1996,MSR,7626.0,,0.0,0.0,0.037,0.004,11.111,,,,,,,4.805,,0.189,,,,,,0.0,0.678,,,0.0,,,0.678,,25094.129,,0.0,0.0,,,,,,,,,,,0.037,4.805,,,0.194,0.0,0.0,,,0.0,0.0,,,0.0,,,0.0,,0.0,,,0.0,,0.0,,0.0,0.0,,,,,
1997,MSR,6979.0,,0.0,0.0,0.033,-0.004,-10.0,,,,,,,4.725,,0.17,,,,,,0.0,0.711,,,0.0,,,0.711,,27305.855,,0.0,0.0,,,,,,,,,,,0.033,4.725,,,0.194,0.0,0.0,,,0.0,0.0,,,0.0,,,0.0,,0.0,,,0.0,,0.0,,0.0,0.0,,,,,
1998,MSR,6321.0,,0.0,0.0,0.029,-0.004,-11.111,,,,,,,4.637,,0.151,,,,,,0.0,0.74,,,0.0,,,0.74,,30093.725,,0.0,0.0,,,,,,,,,,,0.029,4.637,,,0.194,0.0,0.0,,,0.0,0.0,,,0.0,,,0.0,,0.0,,,0.0,,0.0,,0.0,0.0,,,,,
1999,MSR,5685.0,,0.0,0.0,0.037,0.007,25.0,,,,,,,6.445,,0.189,,,,,,0.0,0.777,,,0.0,,,0.777,,33446.98,,0.0,0.0,,,,,,,,,,,0.037,6.445,,,0.194,0.0,0.0,,,0.0,0.0,,,0.0,,,0.0,,0.0,,,0.0,,0.0,,0.0,0.0,,,,,
2000,MSR,5053.0,,0.0,0.0,0.026,-0.011,-30.0,,,,,,,5.076,,0.221,,,,,,0.0,0.802,,,0.0,,,0.802,,22515.271,,0.0,0.0,,,,,,,,,,,0.026,5.076,,,0.116,0.0,0.0,,,0.0,0.0,,,0.0,,,0.0,,0.0,,,0.0,,0.0,,0.0,0.0,,,,,
2001,MSR,4616.0,,0.0,0.0,0.026,0.0,0.0,,,,,,,5.556,,0.221,,,,,,0.0,0.828,,,0.0,,,0.828,,24606.283,,0.0,0.0,,,,,,,,,,,0.026,5.556,,,0.116,0.0,0.0,,,0.0,0.0,,,0.0,,,0.0,,0.0,,,0.0,,0.0,,0.0,0.0,,,,,
2002,MSR,4500.0,,0.0,0.0,0.048,0.022,85.714,,,,,,,10.585,,0.284,,,,,,0.0,0.876,,,0.0,,,0.876,,36233.332,,0.0,0.0,,,,,,,,,,,0.048,10.585,,,0.168,0.0,0.0,,,0.0,0.0,,,0.0,,,0.0,,0.0,,,0.0,,0.0,,0.0,0.0,,,,,
2003,MSR,4515.0,,0.0,0.0,0.037,-0.011,-23.077,,,,,,,8.115,,0.219,,,,,,0.0,0.912,,,0.0,,,0.912,,36038.613,,0.0,0.0,,,,,,,,,,,0.037,8.115,,,0.168,0.0,0.0,,,0.0,0.0,,,0.0,,,0.0,,0.0,,,0.0,,0.0,,0.0,0.0,,,,,
2004,MSR,4541.0,,0.0,0.0,0.048,0.011,30.0,,,,,,,10.489,,0.284,,,,,,0.0,0.96,,,0.0,,,0.96,,35807.695,,0.0,0.0,,,,,,,,,,,0.048,10.489,,,0.168,0.0,0.0,,,0.0,0.0,,,0.0,,,0.0,,0.0,,,0.0,,0.0,,0.0,0.0,,,,,
2005,MSR,4574.0,,0.0,0.0,0.04,-0.007,-15.385,,,,,,,8.812,,0.24,,,,,,0.0,1.0,,,0.0,,,1.0,,35542.004,,0.0,0.0,,,,,,,,,,,0.04,8.812,,,0.168,0.0,0.0,,,0.0,0.0,,,0.0,,,0.0,,0.0,,,0.0,,0.0,,0.0,0.0,,,,,
2006,MSR,4606.0,,0.0,0.0,0.04,0.0,0.0,,,,,,,8.75,,0.24,,,,,,0.0,1.041,,,0.0,,,1.041,,35250.551,,0.0,0.0,,,,,,,,,,,0.04,8.75,,,0.168,0.0,0.0,,,0.0,0.0,,,0.0,,,0.0,,0.0,,,0.0,,0.0,,0.0,0.0,,,,,
2007,MSR,4649.0,,0.0,0.0,0.04,0.0,0.0,,,,,,,8.669,,0.216,,,,,,0.0,1.081,,,0.0,,,1.081,,38881.137,,0.0,0.0,,,,,,,,,,,0.04,8.669,,,0.186,0.0,0.0,,,0.0,0.0,,,0.0,,,0.0,,0.0,,,0.0,,0.0,,0.0,0.0,,,,,
2008,MSR,4700.0,,0.0,0.0,0.048,0.007,18.182,,,,,,,10.134,,0.199,,,,,,0.0,1.129,,,0.0,,,1.129,,49473.754,,0.0,0.0,,,,,,,,,,,0.048,10.134,,,0.239,0.0,0.0,,,0.0,0.0,,,0.0,,,0.0,,0.0,,,0.0,,0.0,,0.0,0.0,,,,,
2009,MSR,4759.0,,0.0,0.0,0.044,-0.004,-7.692,,,,,,,9.239,,0.217,,,,,,0.0,1.172,,,0.0,,,1.172,,41319.547,,0.0,0.0,,,,,,,,,,,0.044,9.239,,,0.202,0.0,0.0,,,0.0,0.0,,,0.0,,,0.0,,0.0,,,0.0,,0.0,,0.0,0.0,,,,,
2010,MSR,4819.0,,0.0,0.0,0.059,0.015,33.333,,,,,,,12.165,,0.217,,,,,,0.0,1.231,,,0.0,,,1.231,,54497.844,,0.0,0.0,,,,,,,,,,,0.059,12.165,,,0.27,0.0,0.0,,,0.0,0.0,,,0.0,,,0.0,,0.0,,,0.001,,0.0,,0.0,0.0,,,,,
2011,MSR,4846.0,,0.0,0.0,0.037,-0.022,-37.5,,,,,,,7.561,,0.196,,,,,,0.0,1.268,,,0.0,,,1.268,,37454.199,,0.0,0.0,,,,,,,,,,,0.037,7.561,,,0.187,0.0,0.0,,,0.0,0.0,,,0.0,,,0.0,,0.0,,,0.0,,0.0,,0.0,0.0,,,,,
2012,MSR,4822.0,,0.0,0.0,0.04,0.004,10.0,,,,,,,8.358,,0.222,,,,,,0.0,1.308,,,0.0,,,1.308,,36263.168,,0.0,0.0,,,,,,,,,,,0.04,8.358,,,0.181,0.0,0.0,,,0.0,0.0,,,0.0,,,0.0,,0.0,,,0.0,,0.0,,0.0,0.0,,,,,
2013,MSR,4774.0,,0.0,0.0,0.048,0.007,18.182,,,,,,,9.977,,0.209,,,,,,0.0,1.356,,,0.0,,,1.356,,45365.406,,0.0,0.0,,,,,,,,,,,0.048,9.977,,,0.228,0.0,0.0,,,0.0,0.0,,,0.0,,,0.0,,0.0,,,0.0,,0.0,,0.0,0.0,,,,,
2014,MSR,4738.0,,0.0,0.0,0.048,0.0,0.0,,,,,,,10.053,,0.223,,,,,,0.0,1.403,,,0.0,,,1.403,,42027.945,,0.0,0.0,,,,,,,,,,,0.048,10.053,,,0.213,0.0,0.0,,,0.0,0.0,,,0.0,,,0.0,,0.0,,,0.0,,0.0,,0.0,0.0,,,,,
2015,MSR,4693.0,,0.0,0.0,0.055,0.007,15.385,,,,,,,11.711,,0.229,,,,,,0.0,1.458,,,0.0,,,1.458,,47224.633,,0.0,0.0,,,,,,,,,,,0.055,11.711,,,0.24,0.0,0.0,,,0.0,0.0,,,0.0,,,0.0,,0.0,,,0.0,,0.0,,0.0,0.0,,,,,
2016,MSR,4665.0,,0.0,0.0,0.029,-0.026,-46.667,,,,,,,6.283,,0.214,,,,,,0.0,1.488,,,0.0,,,1.488,,26808.178,,0.0,0.0,,,,,,,,,,,0.029,6.283,,,0.137,0.0,0.0,,,0.0,0.0,,,0.0,,,0.0,,0.0,,,0.0,,0.0,,0.0,0.0,,,,,
2017,MSR,4624.0,,0.0,0.0,0.029,0.0,0.0,,,,,,,6.339,,0.238,,,,,,0.0,1.517,,,0.0,,,1.517,,26044.17,,0.0,0.0,,,,,,,,,,,0.029,6.339,,,0.123,0.0,0.0,,,0.0,0.0,,,0.0,,,0.0,,0.0,,,0.0,,0.0,,0.0,0.0,,,,,
2018,MSR,4595.0,,0.0,0.0,0.029,0.0,0.0,,,,,,,6.379,,0.215,,,,,,0.0,1.546,,,0.0,,,1.546,,31185.535,,0.0,0.0,,,,,,,,,,,0.029,6.379,,,0.137,0.0,0.0,,,0.0,0.0,,,0.0,,,0.0,,0.0,,,0.0,,0.0,,0.0,0.0,,,,,
2019,MSR,4564.0,,0.0,0.0,0.022,-0.007,-25.0,,,,,,,4.817,,0.161,,,,,,0.0,1.568,,,0.0,,,1.568,,30173.104,,0.0,0.0,,,,,,,,,,,0.022,4.817,,,0.137,0.0,0.0,,,0.0,0.0,,,0.0,,,0.0,,0.0,,,0.0,,0.0,,0.0,0.0,,,,,
2020,MSR,4532.0,,0.0,0.0,0.022,0.0,0.0,,,,,,,4.851,,0.191,,,,,,0.0,1.59,,,0.0,,,1.59,,25413.51,,0.0,0.0,,,,,,,,,,,0.022,4.851,,,0.115,0.0,0.0,,,0.0,0.0,,,0.0,,,0.0,,0.0,,,0.0,,0.0,,0.0,0.0,,,,,
2021,MSR,4505.0,,0.0,0.0,0.022,0.0,0.0,,,,,,,4.88,,0.18,,,,,,0.0,1.612,,,0.0,,,1.612,,27584.43,,0.0,0.0,,,,,,,,,,,0.022,4.88,,,0.122,0.0,0.0,,,0.0,0.0,,,0.0,,,0.0,,0.0,,,0.0,,0.0,,0.0,0.0,,,,,
2022,MSR,4476.0,,0.0,0.0,0.021,-0.001,-3.048,,,,,,,4.762,,,,,,,,0.0,1.633,,,0.0,,,1.633,,,,0.0,0.0,,,,,,,,,,,0.021,4.762,,,,0.0,0.0,,,0.0,0.0,,,0.0,,,0.0,,0.0,,,0.0,,0.0,,0.0,0.0,,,,,
2023,MSR,4440.0,,0.0,0.0,0.022,0.001,4.321,,,,,,,5.008,,,,,,,,0.0,1.656,,,0.0,,,1.656,,,,0.0,0.0,,,,,,,,,,,0.022,5.008,,,,0.0,0.0,,,0.0,0.0,,,0.0,,,0.0,,0.0,,,0.0,,0.0,,0.0,0.0,,,,,
