year,iso_code,population,gdp,cement_co2,cement_co2_per_capita,co2,co2_growth_abs,co2_growth_prct,co2_including_luc,co2_including_luc_growth_abs,co2_including_luc_growth_prct,co2_including_luc_per_capita,co2_including_luc_per_gdp,co2_including_luc_per_unit_energy,co2_per_capita,co2_per_gdp,co2_per_unit_energy,coal_co2,coal_co2_per_capita,consumption_co2,consumption_co2_per_capita,consumption_co2_per_gdp,cumulative_cement_co2,cumulative_co2,cumulative_co2_including_luc,cumulative_coal_co2,cumulative_flaring_co2,cumulative_gas_co2,cumulative_luc_co2,cumulative_oil_co2,cumulative_other_co2,energy_per_capita,energy_per_gdp,flaring_co2,flaring_co2_per_capita,gas_co2,gas_co2_per_capita,ghg_excluding_lucf_per_capita,ghg_per_capita,land_use_change_co2,land_use_change_co2_per_capita,methane,methane_per_capita,nitrous_oxide,nitrous_oxide_per_capita,oil_co2,oil_co2_per_capita,other_co2_per_capita,other_industry_co2,primary_energy_consumption,share_global_cement_co2,share_global_co2,share_global_co2_including_luc,share_global_coal_co2,share_global_cumulative_cement_co2,share_global_cumulative_co2,share_global_cumulative_co2_including_luc,share_global_cumulative_coal_co2,share_global_cumulative_flaring_co2,share_global_cumulative_gas_co2,share_global_cumulative_luc_co2,share_global_cumulative_oil_co2,share_global_cumulative_other_co2,share_global_flaring_co2,share_global_gas_co2,share_global_luc_co2,share_global_oil_co2,share_global_other_co2,share_of_temperature_change_from_ghg,temperature_change_from_ch4,temperature_change_from_co2,temperature_change_from_ghg,temperature_change_from_n2o,total_ghg,total_ghg_excluding_lucf,trade_co2,trade_co2_share
1950,SPM,4507.0,,,,0.015,,,,,,,,,3.252,,,0.015,3.252,,,,,0.015,,0.015,,,,0.0,,,,,,,,,,,,,,,,0.0,0.0,,,,,0.0,,0.0,,0.0,,0.0,,,,0.0,,,,,0.0,,0.0,,0.0,0.0,,,,,
1951,SPM,4555.0,,,,0.022,0.007,50.0,,,,,,,4.826,,,0.018,4.022,,,,,0.037,,0.033,,,,0.004,,,,,,,,,,,,,,,,0.004,0.804,,,,,0.0,,0.0,,0.0,,0.0,,,,0.0,,,,,0.0,,0.0,,0.0,0.0,,,,,
1952,SPM,4605.0,,,,0.033,0.011,50.0,,,,,,,7.161,,,0.033,7.161,,,,,0.07,,0.066,,,,0.004,,,,,,,,,,,,,,,,0.0,0.0,,,,,0.001,,0.001,,0.0,,0.0,,,,0.0,,,,,0.0,,0.0,,0.0,0.0,,,,,
1953,SPM,4659.0,,,,0.029,-0.004,-11.111,,,,,,,6.291,,,0.026,5.505,,,,,0.099,,0.092,,,,0.007,,,,,,,,,,,,,,,,0.004,0.786,,,,,0.0,,0.001,,0.0,,0.0,,,,0.0,,,,,0.0,,0.0,,0.0,0.0,,,,,
1954,SPM,4719.0,,,,0.033,0.004,12.5,,,,,,,6.988,,,0.029,6.211,,,,,0.132,,0.121,,,,0.011,,,,,,,,,,,,,,,,0.004,0.776,,,,,0.0,,0.001,,0.0,,0.0,,,,0.0,,,,,0.0,,0.0,,0.0,0.0,,,,,
1955,SPM,4784.0,,,,0.037,0.004,11.111,,,,,,,7.659,,,0.026,5.361,,,,,0.169,,0.147,,,,0.022,,,,,,,,,,,,,,,,0.011,2.298,,,,,0.0,,0.001,,0.0,,0.0,,,,0.0,,,,,0.0,,0.0,,0.0,0.0,,,,,
1956,SPM,4833.0,,,,0.033,-0.004,-10.0,,,,,,,6.823,,,0.023,4.776,,,,,0.202,,0.17,,,,0.032,,,,,,,,,,,,,,,,0.01,2.047,,,,,0.0,,0.001,,0.0,,0.0,,,,0.0,,,,,0.0,,0.0,,0.0,0.0,,,,,
1957,SPM,4864.0,,,,0.04,0.007,22.222,,,,,,,8.286,,,0.03,6.215,,,,,0.242,,0.2,,,,0.042,,,,,,,,,,,,,,,,0.01,2.072,,,,,0.0,,0.001,,0.0,,0.0,,,,0.0,,,,,0.0,,0.0,,0.0,0.0,,,,,
1958,SPM,4919.0,,,,0.04,0.0,0.0,,,,,,,8.194,,,0.03,6.145,,,,,0.282,,0.23,,,,0.052,,,,,,,,,,,,,,,,0.01,2.048,,,,,0.0,,0.001,,0.0,,0.0,,,,0.0,,,,,0.0,,0.0,,0.0,0.0,,,,,
1959,SPM,4986.0,,,,0.033,-0.007,-18.182,,,,,,,6.614,,,0.023,4.63,,,,,0.315,,0.253,,,,0.062,,,,,,,,,,,,,,,,0.01,1.984,,,,,0.0,,0.0,,0.0,,0.0,,,,0.0,,,,,0.0,,0.0,,0.0,0.0,,,,,
1960,SPM,5016.0,,,,0.037,0.004,11.111,,,,,,,7.305,,,0.029,5.844,,,,,0.352,,0.282,,,,0.069,,,,,,,,,,,,,,,,0.007,1.461,,,,,0.0,,0.001,,0.0,,0.0,,,,0.0,,,,,0.0,,0.0,,0.0,0.0,,,,,
1961,SPM,5003.0,,,,0.048,0.011,30.0,,,,,,,9.521,,,0.026,5.127,,,,,0.399,,0.308,,,,0.091,,,,,,,,,,,,,,,,0.022,4.394,,,,,0.001,,0.001,,0.0,,0.0,,,,0.0,,,,,0.001,,0.0,,0.0,0.0,,,,,
1962,SPM,5024.0,,,,0.033,-0.015,-30.769,,,,,,,6.564,,,0.022,4.376,,,,,0.432,,0.33,,,,0.102,,,,,,,,,,,,,,,,0.011,2.188,,,,,0.0,,0.0,,0.0,,0.0,,,,0.0,,,,,0.0,,0.0,,0.0,0.0,,,,,
1963,SPM,5086.0,,,,0.037,0.004,11.111,,,,,,,7.204,,,0.026,5.043,,,,,0.469,,0.356,,,,0.113,,,,,,,,,,,,,,,,0.011,2.161,,,,,0.0,,0.001,,0.0,,0.0,,,,0.0,,,,,0.0,,0.0,,0.0,0.0,,,,,
1964,SPM,5178.0,,,,0.048,0.011,30.0,,,,,,,9.199,,,0.024,4.599,,,,,0.517,,0.38,,,,0.137,,,,,,,,,,,,,,,,0.024,4.599,,,,,0.0,,0.0,,0.0,,0.0,,,,0.0,,,,,0.001,,0.0,,0.0,0.0,,,,,
1965,SPM,5255.0,,,,0.04,-0.007,-15.385,,,,,,,7.67,,,0.018,3.486,,,,,0.557,,0.398,,,,0.159,,,,,,,,,,,,,,,,0.022,4.183,,,,,0.0,,0.0,,0.0,,0.0,,,,0.0,,,,,0.0,,0.0,,0.0,0.0,,,,,
1966,SPM,5333.0,,,,0.044,0.004,9.091,,,,,,,8.245,,,0.022,4.122,,,,,0.601,,0.42,,,,0.181,,,,,,,,,,,,,,,,0.022,4.122,,,,,0.0,,0.0,,0.0,,0.0,,,,0.0,,,,,0.0,,0.0,,0.0,0.0,,,,,
1967,SPM,5413.0,,,,0.051,0.007,16.667,,,,,,,9.476,,,0.022,4.061,,,,,0.652,,0.442,,,,0.21,,,,,,,,,,,,,,,,0.029,5.415,,,,,0.0,,0.0,,0.0,,0.0,,,,0.0,,,,,0.001,,0.0,,0.0,0.0,,,,,
1968,SPM,5490.0,,,,0.04,-0.011,-21.429,,,,,,,7.341,,,0.004,0.734,,,,,0.692,,0.446,,,,0.247,,,,,,,,,,,,,,,,0.036,6.607,,,,,0.0,,0.0,,0.0,,0.0,,,,0.0,,,,,0.001,,0.0,,0.0,0.0,,,,,
1969,SPM,5571.0,,,,0.033,-0.007,-18.182,,,,,,,5.919,,,0.013,2.368,,,,,0.725,,0.459,,,,0.266,,,,,,,,,,,,,,,,0.02,3.552,,,,,0.0,,0.0,,0.0,,0.0,,,,0.0,,,,,0.0,,0.0,,0.0,0.0,,,,,
1970,SPM,5658.0,,,,0.037,0.004,11.111,,,,,,,6.476,,,0.007,1.295,,,,,0.762,,0.466,,,,0.296,,,,,,,,,,,,,,,,0.029,5.181,,,,,0.0,,0.0,,0.0,,0.0,,,,0.0,,,,,0.0,,0.0,,0.0,0.0,,,,,
1971,SPM,5744.0,,,,0.048,0.011,30.0,,,,,,,8.292,,,0.011,1.914,,,,,0.81,,0.477,,,,0.332,,,,,,,,,,,,,,,,0.037,6.379,,,,,0.0,,0.0,,0.0,,0.0,,,,0.0,,,,,0.001,,0.0,,0.0,0.0,,,,,
1972,SPM,5830.0,,,,0.07,0.022,46.154,,,,,,,11.941,,,0.004,0.628,,,,,0.879,,0.481,,,,0.398,,,,,,,,,,,,,,,,0.066,11.313,,,,,0.0,,0.0,,0.0,,0.0,,,,0.0,,,,,0.001,,0.0,,0.0,0.0,,,,,
1973,SPM,5925.0,,,,0.04,-0.029,-42.105,,,,,,,6.802,,,0.004,0.618,,,,,0.92,,0.485,,,,0.435,,,,,,,,,,,,,,,,0.037,6.184,,,,,0.0,,0.0,,0.0,,0.0,,,,0.0,,,,,0.0,,0.0,,0.0,0.0,,,,,
1974,SPM,6004.0,,,,0.044,0.004,9.091,,,,,,,7.323,,,0.004,0.61,,,,,0.964,,0.488,,,,0.475,,,,,,,,,,,,,,,,0.04,6.713,,,,,0.0,,0.0,,0.0,,0.0,,,,0.0,,,,,0.0,,0.0,,0.0,0.0,,,,,
1975,SPM,6051.0,,,,0.033,-0.011,-25.0,,,,,,,5.45,,,0.004,0.606,,,,,0.997,,0.492,,,,0.505,,,,,,,,,,,,,,,,0.029,4.844,,,,,0.0,,0.0,,0.0,,0.0,,,,0.0,,,,,0.0,,0.0,,0.0,0.0,,,,,
1976,SPM,6090.0,,,,0.048,0.015,44.444,,,,,,,7.821,,,0.003,0.559,,,,,1.044,,0.495,,,,0.549,,,,,,,,,,,,,,,,0.044,7.263,,,,,0.0,,0.0,,0.0,,0.0,,,,0.0,,,,,0.001,,0.0,,0.0,0.0,,,,,
1977,SPM,6125.0,,,,0.037,-0.011,-23.077,,,,,,,5.982,,,0.0,0.0,,,,,1.081,,0.495,,,,0.585,,,,,,,,,,,,,,,,0.037,5.982,,,,,0.0,,0.0,,0.0,,0.0,,,,0.0,,,,,0.0,,0.0,,0.0,0.0,,,,,
1978,SPM,6162.0,,,,0.033,-0.004,-10.0,,,,,,,5.352,,,0.0,0.0,,,,,1.114,,0.495,,,,0.618,,,,,,,,,,,,,,,,0.033,5.352,,,,,0.0,,0.0,,0.0,,0.0,,,,0.0,,,,,0.0,,0.0,,0.0,0.0,,,,,
1979,SPM,6182.0,,,,0.037,0.004,11.111,,,,,,,5.927,,,0.0,0.0,,,,,1.15,,0.495,,,,0.655,,,,,,,,,,,,,,,,0.037,5.927,,,,,0.0,,0.0,,0.0,,0.0,,,,0.0,,,,,0.0,,0.0,,0.0,0.0,,,,,
1980,SPM,6192.0,,,,0.037,0.0,0.0,,,,,,,5.917,,0.059,0.0,0.0,,,,,1.187,,0.495,,,,0.692,,101853.953,,,,,,,,,,,,,,0.037,5.917,,,0.624,,0.0,,0.0,,0.0,,0.0,,,,0.0,,,,,0.0,,0.0,,0.0,0.0,,,,,
1981,SPM,6172.0,,,,0.04,0.004,10.0,,,,,,,6.53,,0.065,0.0,0.0,,,,,1.227,,0.495,,,,0.732,,101775.016,,,,,,,,,,,,,,0.04,6.53,,,0.622,,0.0,,0.0,,0.0,,0.0,,,,0.0,,,,,0.0,,0.0,,0.0,0.0,,,,,
1982,SPM,6163.0,,,,0.04,0.0,0.0,,,,,,,6.54,,0.072,0.0,0.0,,,,,1.268,,0.495,,,,0.772,,91747.586,,,,,,,,,,,,,,0.04,6.54,,,0.56,,0.0,,0.0,,0.0,,0.0,,,,0.0,,,,,0.0,,0.0,,0.0,0.0,,,,,
1983,SPM,6208.0,,,,0.033,-0.007,-18.182,,,,,,,5.312,,0.053,0.0,0.0,,,,,1.301,,0.495,,,,0.805,,101179.266,,,,,,,,,,,,,,0.033,5.312,,,0.622,,0.0,,0.0,,0.0,,0.0,,,,0.0,,,,,0.0,,0.0,,0.0,0.0,,,,,
1984,SPM,6259.0,,,,0.037,0.004,11.111,,,,,,,5.854,,0.059,0.0,0.0,,,,,1.337,,0.495,,,,0.842,,100557.188,,,,,,,,,,,,,,0.037,5.854,,,0.624,,0.0,,0.0,,0.0,,0.0,,,,0.0,,,,,0.0,,0.0,,0.0,0.0,,,,,
1985,SPM,6301.0,,,,0.033,-0.004,-10.0,,,,,,,5.233,,0.059,0.0,0.0,,,,,1.37,,0.495,,,,0.875,,89561.367,,,,,,,,,,,,,,0.033,5.233,,,0.56,,0.0,,0.0,,0.0,,0.0,,,,0.0,,,,,0.0,,0.0,,0.0,0.0,,,,,
1986,SPM,6338.0,,,,0.048,0.015,44.444,,,,,,,7.515,,0.069,0.0,0.0,,,,,1.418,,0.495,,,,0.922,,109619.938,,,,,,,,,,,,,,0.048,7.515,,,0.689,,0.0,,0.0,,0.0,,0.0,,,,0.0,,,,,0.001,,0.0,,0.0,0.0,,,,,
1987,SPM,6368.0,,,,0.051,0.004,7.692,,,,,,,8.055,,0.058,0.0,0.0,,,,,1.469,,0.495,,,,0.974,,140187.719,,,,,,,,,,,,,,0.051,8.055,,,0.886,,0.0,,0.0,,0.0,,0.0,,,,0.0,,,,,0.001,,0.0,,0.0,0.0,,,,,
1988,SPM,6381.0,,,,0.066,0.015,28.571,,,,,,,10.336,,0.074,0.0,0.0,,,,,1.535,,0.495,,,,1.04,,140306.531,,,,,,,,,,,,,,0.066,10.336,,,0.89,,0.0,,0.0,,0.0,,0.0,,,,0.0,,,,,0.001,,0.0,,0.0,0.0,,,,,
1989,SPM,6372.0,,,,0.103,0.037,55.556,,,,,,,16.1,,0.095,0.0,0.0,,,,,1.638,,0.495,,,,1.142,,169418.406,,,,,,,,,,,,,,0.103,16.1,,,1.075,,0.0,,0.0,,0.0,,0.0,,,,0.0,,,,,0.001,,0.0,,0.0,0.0,,,,,
1990,SPM,6377.0,,,,0.092,-0.011,-10.714,,,,,,,14.364,,0.091,,,,,,,1.729,,,,,,1.234,,159376.406,,,,,,,,,,,,,,0.092,14.364,,,1.011,,0.0,,,,0.0,,,,,,0.0,,,,,0.001,,0.0,,0.0,0.0,,,,,
1991,SPM,6400.0,,,,0.103,0.011,12.0,,,,,,,16.03,,0.108,,,,,,,1.832,,,,,,1.337,,149041.094,,,,,,,,,,,,,,0.103,16.03,,,0.95,,0.0,,,,0.0,,,,,,0.0,,,,,0.001,,0.0,,0.0,0.0,,,,,
1992,SPM,6428.0,,,,0.095,-0.007,-7.143,,,,,,,14.82,,0.109,,,,,,,1.927,,,,,,1.432,,136763.297,,,,,,,,,,,,,,0.095,14.82,,,0.875,,0.0,,,,0.0,,,,,,0.0,,,,,0.001,,0.0,,0.0,0.0,,,,,
1993,SPM,6440.0,,,,0.073,-0.022,-23.077,,,,,,,11.379,,0.147,,,,,,,2.001,,,,,,1.505,,77609.312,,,,,,,,,,,,,,0.073,11.379,,,0.498,,0.0,,,,0.0,,,,,,0.001,,,,,0.001,,0.0,,0.0,0.0,,,,,
1994,SPM,6455.0,,,,0.07,-0.004,-5.0,,,,,,,10.785,,0.137,,,,,,,2.07,,,0.0,,,1.575,,79126.555,,0.0,0.0,,,,,,,,,,,0.07,10.785,,,0.509,,0.0,,,,0.0,,,0.0,,,0.001,,0.0,,,0.001,,0.0,,0.0,0.0,,,,,
1995,SPM,6459.0,,,,0.07,0.0,0.0,,,,,,,10.778,,0.216,,,,,,,2.14,,,0.0,,,1.644,,49984.785,,0.0,0.0,,,,,,,,,,,0.07,10.778,,,0.322,,0.0,,,,0.0,,,0.0,,,0.001,,0.0,,,0.001,,0.0,,0.0,0.0,,,,,
1996,SPM,6451.0,,,,0.07,0.0,0.0,,,,,,,10.792,,0.216,,,,,,,2.209,,,0.0,,,1.714,,50140.258,,0.0,0.0,,,,,,,,,,,0.07,10.792,,,0.323,,0.0,,,,0.0,,,0.0,,,0.001,,0.0,,,0.001,,0.0,,0.0,0.0,,,,,
1997,SPM,6438.0,,,,0.048,-0.022,-31.579,,,,,,,7.399,,0.255,,,,,,,2.257,,,0.0,,,1.762,,29139.783,,0.0,0.0,,,,,,,,,,,0.048,7.399,,,0.187,,0.0,,,,0.0,,,0.0,,,0.001,,0.0,,,0.0,,0.0,,0.0,0.0,,,,,
1998,SPM,6392.0,,,,0.055,0.007,15.385,,,,,,,8.598,,0.221,,,,,,,2.312,,,0.0,,,1.817,,39158.258,,0.0,0.0,,,,,,,,,,,0.055,8.598,,,0.249,,0.0,,,,0.0,,,0.0,,,0.001,,0.0,,,0.001,,0.0,,0.0,0.0,,,,,
1999,SPM,6338.0,,,,0.055,0.0,0.0,,,,,,,8.672,,0.221,,,,,,,2.367,,,0.0,,,1.871,,39443.316,,0.0,0.0,,,,,,,,,,,0.055,8.672,,,0.249,,0.0,,,,0.0,,,0.0,,,0.001,,0.0,,,0.001,,0.0,,0.0,0.0,,,,,
2000,SPM,6317.0,,,,0.055,0.0,0.0,,,,,,,8.7,,0.195,,,,,,,2.422,,,0.0,,,1.926,,44661.23,,0.0,0.0,,,,,,,,,,,0.055,8.7,,,0.281,,0.0,,,,0.0,,,0.0,,,0.001,,0.0,,,0.001,,0.0,,0.0,0.0,,,,,
2001,SPM,6299.0,,,,0.055,0.0,0.0,,,,,,,8.725,,0.195,,,,,,,2.477,,,0.0,,,1.981,,44782.07,,0.0,0.0,,,,,,,,,,,0.055,8.725,,,0.281,,0.0,,,,0.0,,,0.0,,,0.001,,0.0,,,0.001,,0.0,,0.0,0.0,,,,,
2002,SPM,6273.0,,,,0.059,0.004,6.667,,,,,,,9.345,,0.191,,,,,,,2.535,,,0.0,,,2.04,,48984.074,,0.0,0.0,,,,,,,,,,,0.059,9.345,,,0.307,,0.0,,,,0.0,,,0.0,,,0.001,,0.0,,,0.001,,0.0,,0.0,0.0,,,,,
2003,SPM,6234.0,,,,0.062,0.004,6.25,,,,,,,9.992,,0.18,,,,,,,2.598,,,0.0,,,2.102,,55465.438,,0.0,0.0,,,,,,,,,,,0.062,9.992,,,0.345,,0.0,,,,0.0,,,0.0,,,0.001,,0.0,,,0.001,,0.0,,0.0,0.0,,,,,
2004,SPM,6191.0,,,,0.059,-0.004,-5.882,,,,,,,9.469,,0.176,,,,,,,2.656,,,0.0,,,2.161,,53783.301,,0.0,0.0,,,,,,,,,,,0.059,9.469,,,0.333,,0.0,,,,0.0,,,0.0,,,0.001,,0.0,,,0.001,,0.0,,0.0,0.0,,,,,
2005,SPM,6139.0,,,,0.062,0.004,6.25,,,,,,,10.146,,0.18,,,,,,,2.719,,,0.0,,,2.223,,56306.234,,0.0,0.0,,,,,,,,,,,0.062,10.146,,,0.345,,0.0,,,,0.0,,,0.0,,,0.001,,0.0,,,0.001,,0.0,,0.0,0.0,,,,,
2006,SPM,6094.0,,,,0.066,0.004,5.882,,,,,,,10.822,,0.191,,,,,,,2.785,,,0.0,,,2.289,,56582.922,,0.0,0.0,,,,,,,,,,,0.066,10.822,,,0.345,,0.0,,,,0.0,,,0.0,,,0.001,,0.0,,,0.001,,0.0,,0.0,0.0,,,,,
2007,SPM,6074.0,,,,0.066,0.0,0.0,,,,,,,10.858,,0.184,,,,,,,2.851,,,0.0,,,2.355,,58813.465,,0.0,0.0,,,,,,,,,,,0.066,10.858,,,0.358,,0.0,,,,0.0,,,0.0,,,0.001,,0.0,,,0.001,,0.0,,0.0,0.0,,,,,
2008,SPM,6063.0,,,,0.066,0.0,0.0,,,,,,,10.878,,0.184,,,,,,,2.917,,,0.0,,,2.421,,58861.789,,0.0,0.0,,,,,,,,,,,0.066,10.878,,,0.358,,0.0,,,,0.0,,,0.0,,,0.001,,0.0,,,0.001,,0.0,,0.0,0.0,,,,,
2009,SPM,6054.0,,,,0.066,0.0,0.0,,,,,,,10.894,,0.184,,,,,,,2.982,,,0.0,,,2.487,,58939.277,,0.0,0.0,,,,,,,,,,,0.066,10.894,,,0.358,,0.0,,,,0.0,,,0.0,,,0.001,,0.0,,,0.001,,0.0,,0.0,0.0,,,,,
2010,SPM,6047.0,,,,0.066,0.0,0.0,,,,,,,10.907,,0.175,,,,,,,3.048,,,0.0,,,2.553,,61996.32,,0.0,0.0,,,,,,,,,,,0.066,10.907,,,0.377,,0.0,,,,0.0,,,0.0,,,0.001,,0.0,,,0.001,,0.0,,0.0,0.0,,,,,
2011,SPM,6036.0,,,,0.066,0.0,0.0,,,,,,,10.926,,0.174,,,,,,,3.114,,,0.0,,,2.619,,62504.328,,0.0,0.0,,,,,,,,,,,0.066,10.926,,,0.379,,0.0,,,,0.0,,,0.0,,,0.001,,0.0,,,0.001,,0.0,,0.0,0.0,,,,,
2012,SPM,6019.0,,,,0.066,0.0,0.0,,,,,,,10.957,,0.176,,,,,,,3.18,,,0.0,,,2.685,,61828.691,,0.0,0.0,,,,,,,,,,,0.066,10.957,,,0.374,,0.0,,,,0.0,,,0.0,,,0.001,,0.0,,,0.001,,0.0,,0.0,0.0,,,,,
2013,SPM,5999.0,,,,0.066,0.0,0.0,,,,,,,10.994,,0.172,,,,,,,3.246,,,0.0,,,2.751,,63525.68,,0.0,0.0,,,,,,,,,,,0.066,10.994,,,0.383,,0.0,,,,0.0,,,0.0,,,0.001,,0.0,,,0.001,,0.0,,0.0,0.0,,,,,
2014,SPM,5984.0,,,,0.066,0.0,0.0,,,,,,,11.021,,0.165,,,,,,,3.312,,,0.0,,,2.817,,66357.25,,0.0,0.0,,,,,,,,,,,0.066,11.021,,,0.399,,0.0,,,,0.0,,,0.0,,,0.001,,0.0,,,0.001,,0.0,,0.0,0.0,,,,,
2015,SPM,5971.0,,,,0.066,0.0,0.0,,,,,,,11.045,,0.165,,,,,,,3.378,,,0.0,,,2.883,,66489.945,,0.0,0.0,,,,,,,,,,,0.066,11.045,,,0.399,,0.0,,,,0.0,,,0.0,,,0.001,,0.0,,,0.001,,0.0,,0.0,0.0,,,,,
2016,SPM,5957.0,,,,0.066,0.0,0.0,,,,,,,11.071,,0.162,,,,,,,3.444,,,0.0,,,2.949,,67819.867,,0.0,0.0,,,,,,,,,,,0.066,11.071,,,0.406,,0.0,,,,0.0,,,0.0,,,0.001,,0.0,,,0.001,,0.0,,0.0,0.0,,,,,
2017,SPM,5946.0,,,,0.066,0.0,0.0,,,,,,,11.092,,0.165,,,,,,,3.51,,,0.0,,,3.015,,66723.438,,0.0,0.0,,,,,,,,,,,0.066,11.092,,,0.399,,0.0,,,,0.0,,,0.0,,,0.001,,0.0,,,0.001,,0.0,,0.0,0.0,,,,,
2018,SPM,5932.0,,,,0.059,-0.007,-11.111,,,,,,,9.883,,0.135,,,,,,,3.569,,,0.0,,,3.073,,72730.234,,0.0,0.0,,,,,,,,,,,0.059,9.883,,,0.434,,0.0,,,,0.0,,,0.0,,,0.001,,0.0,,,0.0,,0.0,,0.0,0.0,,,,,
2019,SPM,5899.0,,,,0.066,0.007,12.5,,,,,,,11.18,,0.177,,,,,,,3.635,,,0.0,,,3.139,,62718.688,,0.0,0.0,,,,,,,,,,,0.066,11.18,,,0.373,,0.0,,,,0.0,,,0.0,,,0.001,,0.0,,,0.001,,0.0,,0.0,0.0,,,,,
2020,SPM,5852.0,,,,0.062,-0.004,-5.556,,,,,,,10.644,,0.182,,,,,,,3.697,,,0.0,,,3.201,,57585.082,,0.0,0.0,,,,,,,,,,,0.062,10.644,,,0.341,,0.0,,,,0.0,,,0.0,,,0.001,,0.0,,,0.001,,0.0,,0.0,0.0,,,,,
2021,SPM,5802.0,,,,0.055,-0.007,-11.765,,,,,,,9.473,,0.159,,,,,,,3.752,,,0.0,,,3.256,,58387.957,,0.0,0.0,,,,,,,,,,,0.055,9.473,,,0.345,,0.0,,,,0.0,,,0.0,,,0.001,,0.0,,,0.0,,0.0,,0.0,0.0,,,,,
2022,SPM,5760.0,,,,0.053,-0.002,-3.046,,,,,,,9.251,,,,,,,,,3.805,,,0.0,,,3.31,,,,0.0,0.0,,,,,,,,,,,0.053,9.251,,,,,0.0,,,,0.0,,,0.0,,,0.001,,0.0,,,0.0,,0.0,,0.0,0.0,,,,,
2023,SPM,5707.0,,,,0.056,0.002,4.32,,,,,,,9.74,,,,,,,,,3.861,,,0.0,,,3.365,,,,0.0,0.0,,,,,,,,,,,0.056,9.74,,,,,0.0,,,,0.0,,,0.0,,,0.001,,0.0,,,0.0,,0.0,,0.0,0.0,,,,,
