year,iso_code,population,gdp,cement_co2,cement_co2_per_capita,co2,co2_growth_abs,co2_growth_prct,co2_including_luc,co2_including_luc_growth_abs,co2_including_luc_growth_prct,co2_including_luc_per_capita,co2_including_luc_per_gdp,co2_including_luc_per_unit_energy,co2_per_capita,co2_per_gdp,co2_per_unit_energy,coal_co2,coal_co2_per_capita,consumption_co2,consumption_co2_per_capita,consumption_co2_per_gdp,cumulative_cement_co2,cumulative_co2,cumulative_co2_including_luc,cumulative_coal_co2,cumulative_flaring_co2,cumulative_gas_co2,cumulative_luc_co2,cumulative_oil_co2,cumulative_other_co2,energy_per_capita,energy_per_gdp,flaring_co2,flaring_co2_per_capita,gas_co2,gas_co2_per_capita,ghg_excluding_lucf_per_capita,ghg_per_capita,land_use_change_co2,land_use_change_co2_per_capita,methane,methane_per_capita,nitrous_oxide,nitrous_oxide_per_capita,oil_co2,oil_co2_per_capita,other_co2_per_capita,other_industry_co2,primary_energy_consumption,share_global_cement_co2,share_global_co2,share_global_co2_including_luc,share_global_coal_co2,share_global_cumulative_cement_co2,share_global_cumulative_co2,share_global_cumulative_co2_including_luc,share_global_cumulative_coal_co2,share_global_cumulative_flaring_co2,share_global_cumulative_gas_co2,share_global_cumulative_luc_co2,share_global_cumulative_oil_co2,share_global_cumulative_other_co2,share_global_flaring_co2,share_global_gas_co2,share_global_luc_co2,share_global_oil_co2,share_global_other_co2,share_of_temperature_change_from_ghg,temperature_change_from_ch4,temperature_change_from_co2,temperature_change_from_ghg,temperature_change_from_n2o,total_ghg,total_ghg_excluding_lucf,trade_co2,trade_co2_share
1990,TCA,11707.0,,0.0,0.0,0.062,,,,,,,,,5.321,,,,,,,,0.0,0.062,,,,,,0.062,,0.0,,,,,,5.841,5.842,,,0.006,0.498,0.0,0.024,0.062,5.321,,,0.0,0.0,0.0,,,0.0,0.0,,,,,,0.0,,,,,0.001,,0.0,0.0,0.0,0.0,0.0,0.068,0.068,,
1991,TCA,12328.0,,0.0,0.0,0.062,0.0,0.0,,,,,,,5.053,,,,,,,,0.0,0.125,,,,,,0.125,,0.0,,,,,,5.579,5.58,,,0.006,0.505,0.0,0.022,0.062,5.053,,,0.0,0.0,0.0,,,0.0,0.0,,,,,,0.0,,,,,0.001,,0.0,0.0,0.0,0.0,0.0,0.069,0.069,,
1992,TCA,12989.0,,0.0,0.0,0.066,0.004,5.882,,,,,,,5.078,,,,,,,,0.0,0.191,,,,,,0.191,,0.0,,,,,,5.612,5.613,,,0.007,0.515,0.0,0.021,0.066,5.078,,,0.0,0.0,0.0,,,0.0,0.0,,,,,,0.0,,,,,0.001,,0.0,0.0,0.0,0.0,0.0,0.073,0.073,,
1993,TCA,13668.0,,0.0,0.0,0.066,0.0,0.0,,,,,,,4.825,,,,,,,,0.0,0.256,,,,,,0.256,,0.0,,,,,,5.377,5.378,,,0.007,0.532,0.0,0.021,0.066,4.825,,,0.0,0.0,0.0,,,0.0,0.0,,,,,,0.0,,,,,0.001,,0.0,0.0,0.0,0.0,0.0,0.074,0.073,,
1994,TCA,14367.0,,0.0,0.0,0.07,0.004,5.556,,,,,,,4.846,,,,,,,,0.0,0.326,,,0.0,,,0.326,,0.0,,0.0,0.0,,,5.41,5.41,,,0.008,0.545,0.0,0.02,0.07,4.846,,,0.0,0.0,0.0,,,0.0,0.0,,,0.0,,,0.0,,0.0,,,0.001,,0.0,0.0,0.0,0.0,0.0,0.078,0.078,,
1995,TCA,15072.0,,0.0,0.0,0.07,0.0,0.0,,,,,,,4.619,,1.256,,,,,,0.0,0.396,,,0.0,,,0.396,,3664.542,,0.0,0.0,,,5.191,5.192,,,0.008,0.554,0.0,0.019,0.07,4.619,,,0.055,0.0,0.0,,,0.0,0.0,,,0.0,,,0.0,,0.0,,,0.001,,0.0,0.0,0.0,0.0,0.0,0.078,0.078,,
1996,TCA,15784.0,,0.0,0.0,0.07,0.0,0.0,,,,,,,4.411,,1.253,,,,,,0.0,0.465,,,0.0,,,0.465,,3510.468,,0.0,0.0,,,4.981,4.981,,,0.009,0.552,0.0,0.018,0.07,4.411,,,0.056,0.0,0.0,,,0.0,0.0,,,0.0,,,0.0,,0.0,,,0.001,,0.0,0.0,0.0,0.0,0.0,0.079,0.079,,
1997,TCA,16504.0,,0.0,0.0,0.084,0.015,21.053,,,,,,,5.106,,1.521,,,,,,0.0,0.55,,,0.0,,,0.55,,3350.386,,0.0,0.0,,,5.661,5.661,,,0.009,0.537,0.0,0.018,0.084,5.106,,,0.055,0.0,0.0,,,0.0,0.0,,,0.0,,,0.0,,0.0,,,0.001,,0.0,0.0,0.0,0.0,0.0,0.093,0.093,,
1998,TCA,17236.0,,0.0,0.0,0.088,0.004,4.348,,,,,,,5.102,,1.442,,,,,,0.0,0.638,,,0.0,,,0.638,,3530.704,,0.0,0.0,,,5.653,5.653,,,0.009,0.533,0.0,0.018,0.088,5.102,,,0.061,0.0,0.0,,,0.0,0.0,,,0.0,,,0.0,,0.0,,,0.001,,0.0,0.0,0.0,0.0,0.0,0.097,0.097,,
1999,TCA,17980.0,,0.0,0.0,0.099,0.011,12.5,,,,,,,5.502,,1.623,,,,,,0.0,0.736,,,0.0,,,0.736,,3385.225,,0.0,0.0,,,6.064,6.064,,,0.01,0.544,0.0,0.018,0.099,5.502,,,0.061,0.0,0.0,,,0.0,0.0,,,0.0,,,0.0,,0.0,,,0.001,,0.0,0.0,0.0,0.0,0.0,0.109,0.109,,
2000,TCA,18754.0,,0.0,0.0,0.11,0.011,11.111,,,,,,,5.861,,0.38,,,,,,0.0,0.846,,,0.0,,,0.846,,15402.543,,0.0,0.0,,,6.458,6.458,,,0.011,0.574,0.0,0.023,0.11,5.861,,,0.289,0.0,0.0,,,0.0,0.0,,,0.0,,,0.0,,0.0,,,0.001,,0.0,0.0,0.0,0.0,0.0,0.121,0.121,,
2001,TCA,19602.0,,0.0,0.0,0.114,0.004,3.333,,,,,,,5.795,,0.37,,,,,,0.0,0.96,,,0.0,,,0.96,,15659.168,,0.0,0.0,,,6.4,6.4,,,0.011,0.583,0.0,0.023,0.114,5.795,,,0.307,0.0,0.0,,,0.0,0.0,,,0.0,,,0.0,,0.0,,,0.001,,0.0,0.0,0.0,0.0,0.0,0.125,0.125,,
2002,TCA,20619.0,,0.0,0.0,0.15,0.037,32.258,,,,,,,7.286,,0.368,,,,,,0.0,1.11,,,0.0,,,1.11,,19820.557,,0.0,0.0,,,7.917,7.917,,,0.012,0.606,0.001,0.026,0.15,7.286,,,0.409,0.0,0.001,,,0.0,0.0,,,0.0,,,0.0,,0.0,,,0.001,,0.0,0.0,0.0,0.0,0.0,0.163,0.163,,
2003,TCA,21749.0,,0.0,0.0,0.158,0.007,4.878,,,,,,,7.244,,0.375,,,,,,0.0,1.268,,,0.0,,,1.268,,19310.029,,0.0,0.0,,,7.629,7.629,,,0.008,0.358,0.001,0.026,0.158,7.244,,,0.42,0.0,0.001,,,0.0,0.0,,,0.0,,,0.0,,0.0,,,0.001,,0.0,0.0,0.0,0.0,0.0,0.166,0.166,,
2004,TCA,22879.0,,0.0,0.0,0.161,0.004,2.326,,,,,,,7.046,,0.372,,,,,,0.0,1.429,,,0.0,,,1.429,,18909.895,,0.0,0.0,,,7.559,7.559,,,0.011,0.486,0.001,0.026,0.161,7.046,,,0.433,0.0,0.001,,,0.0,0.0,,,0.0,,,0.0,,0.0,,,0.001,,0.0,0.0,0.0,0.0,0.0,0.173,0.173,,
2005,TCA,24011.0,,0.0,0.0,0.191,0.029,18.182,,,,,,,7.935,,0.374,,,,,,0.0,1.619,,,0.0,,,1.619,,21208.637,,0.0,0.0,,,8.477,8.477,,,0.012,0.514,0.001,0.028,0.191,7.935,,,0.509,0.0,0.001,,,0.0,0.0,,,0.0,,,0.0,,0.0,,,0.002,,0.0,0.0,0.0,0.0,0.0,0.204,0.204,,
2006,TCA,25145.0,,0.0,0.0,0.216,0.026,13.462,,,,,,,8.597,,0.369,,,,,,0.0,1.836,,,0.0,,,1.836,,23291.262,,0.0,0.0,,,9.121,9.121,,,0.012,0.492,0.001,0.031,0.216,8.597,,,0.586,0.0,0.001,,,0.0,0.0,,,0.0,,,0.0,,0.0,,,0.002,,0.0,0.0,0.0,0.0,0.0,0.229,0.229,,
2007,TCA,26289.0,,0.0,0.0,0.253,0.037,16.949,,,,,,,9.617,,0.368,,,,,,0.0,2.088,,,0.0,,,2.088,,26156.391,,0.0,0.0,,,10.137,10.137,,,0.013,0.485,0.001,0.034,0.253,9.617,,,0.688,0.0,0.001,,,0.0,0.0,,,0.0,,,0.0,,0.0,,,0.002,,0.0,0.0,0.0,0.0,0.0,0.266,0.266,,
2008,TCA,27452.0,,0.0,0.0,0.264,0.011,4.348,,,,,,,9.61,,0.36,,,,,,0.0,2.352,,,0.0,,,2.352,,26676.77,,0.0,0.0,,,10.158,10.158,,,0.014,0.512,0.001,0.035,0.264,9.61,,,0.732,0.0,0.001,,,0.0,0.0,,,0.0,,,0.001,,0.0,,,0.002,,0.0,0.0,0.0,0.0,0.0,0.279,0.279,,
2009,TCA,28609.0,,0.0,0.0,0.275,0.011,4.167,,,,,,,9.605,,0.372,,,,,,0.0,2.627,,,0.0,,,2.627,,25825.842,,0.0,0.0,,,10.137,10.151,,,0.014,0.502,0.001,0.044,0.275,9.605,,,0.739,0.0,0.001,,,0.0,0.0,,,0.0,,,0.001,,0.0,,,0.003,,0.0,0.0,0.0,0.0,0.0,0.29,0.29,,
2010,TCA,29762.0,,0.0,0.0,0.282,0.007,2.667,,,,,,,9.479,,0.369,,,,,,0.0,2.909,,,0.0,,,2.909,,25683.688,,0.0,0.0,,,9.985,9.985,,,0.014,0.467,0.001,0.039,0.282,9.479,,,0.764,0.0,0.001,,,0.0,0.0,,,0.0,,,0.001,,0.0,,,0.002,,0.0,0.0,0.0,0.0,0.0,0.297,0.297,,
2011,TCA,30870.0,,0.0,0.0,0.282,0.0,0.0,,,,,,,9.139,,0.369,,,,,,0.0,3.191,,,0.0,,,3.191,,24776.764,,0.0,0.0,,,9.657,9.657,,,0.015,0.487,0.001,0.031,0.282,9.139,,,0.764,0.0,0.001,,,0.0,0.0,,,0.0,,,0.001,,0.0,,,0.002,,0.0,0.0,0.0,0.0,0.0,0.298,0.298,,
2012,TCA,32152.0,,0.0,0.0,0.282,0.0,0.0,,,,,,,8.775,,0.369,,,,,,0.0,3.473,,,0.0,,,3.473,,23800.51,,0.0,0.0,,,9.287,9.287,,,0.015,0.481,0.001,0.032,0.282,8.775,,,0.764,0.0,0.001,,,0.0,0.0,,,0.0,,,0.001,,0.0,,,0.002,,0.0,0.0,0.0,0.0,0.0,0.299,0.299,,
2013,TCA,33675.0,,0.0,0.0,0.286,0.004,1.299,,,,,,,8.487,,0.371,,,,,,0.0,3.759,,,0.0,,,3.759,,22917.402,,0.0,0.0,,,8.993,8.993,,,0.016,0.472,0.001,0.034,0.286,8.487,,,0.77,0.0,0.001,,,0.0,0.0,,,0.0,,,0.001,,0.0,,,0.002,,0.0,0.0,0.0,0.0,0.0,0.303,0.303,,
2014,TCA,35077.0,,0.0,0.0,0.308,0.022,7.692,,,,,,,8.774,,0.372,,,,,,0.0,4.067,,,0.0,,,4.067,,23641.734,,0.0,0.0,,,9.224,9.224,,,0.015,0.415,0.001,0.035,0.308,8.774,,,0.828,0.0,0.001,,,0.0,0.0,,,0.0,,,0.001,,0.0,,,0.003,,0.0,0.0,0.0,0.0,0.0,0.324,0.324,,
2015,TCA,36632.0,,0.0,0.0,0.311,0.004,1.19,,,,,,,8.502,,0.365,,,,,,0.0,4.378,,,0.0,,,4.378,,23337.617,,0.0,0.0,,,8.941,8.941,,,0.015,0.405,0.001,0.034,0.311,8.502,,,0.853,0.0,0.001,,,0.0,0.0,,,0.0,,,0.001,,0.0,,,0.003,,0.0,0.0,0.0,0.0,0.0,0.328,0.328,,
2016,TCA,38342.0,,0.0,0.0,0.33,0.018,5.882,,,,,,,8.6,,0.374,,,,,,0.0,4.708,,,0.0,,,4.708,,23060.0,,0.0,0.0,,,8.988,8.988,,,0.014,0.353,0.001,0.035,0.33,8.6,,,0.882,0.0,0.001,,,0.0,0.0,,,0.0,,,0.001,,0.0,,,0.003,,0.0,0.0,0.0,0.0,0.0,0.345,0.345,,
2017,TCA,39928.0,,0.0,0.0,0.352,0.022,6.667,,,,,,,8.809,,0.368,,,,,,0.0,5.06,,,0.0,,,5.06,,23959.471,,0.0,0.0,,,9.172,9.172,,,0.013,0.328,0.001,0.034,0.352,8.809,,,0.955,0.0,0.001,,,0.0,0.0,,,0.0,,,0.001,,0.0,,,0.003,,0.0,0.0,0.0,0.0,0.0,0.366,0.366,,
2018,TCA,41579.0,,0.0,0.0,0.363,0.011,3.125,,,,,,,8.724,,0.379,,,,,,0.0,5.423,,,0.0,,,5.423,,23070.922,,0.0,0.0,,,9.077,9.077,,,0.013,0.318,0.001,0.035,0.363,8.724,,,0.958,0.0,0.001,,,0.0,0.0,,,0.0,,,0.001,,0.0,,,0.003,,0.0,0.0,0.0,0.0,0.0,0.377,0.377,,
2019,TCA,43190.0,,0.0,0.0,0.363,0.0,0.0,,,,,,,8.399,,0.367,,,,,,0.0,5.785,,,0.0,,,5.785,,22899.154,,0.0,0.0,,,8.727,8.727,,,0.013,0.292,0.002,0.037,0.363,8.399,,,0.987,0.0,0.001,,,0.0,0.0,,,0.0,,,0.001,,0.0,,,0.003,,0.0,0.0,0.0,0.0,0.0,0.377,0.377,,
2020,TCA,44404.0,,0.0,0.0,0.359,-0.004,-1.01,,,,,,,8.086,,0.432,,,,,,0.0,6.145,,,0.0,,,6.145,,18772.568,,0.0,0.0,,,8.388,8.388,,,0.012,0.27,0.001,0.032,0.359,8.086,,,0.832,0.0,0.001,,,0.0,0.0,,,0.0,,,0.001,,0.0,,,0.003,,0.0,0.0,0.0,0.0,0.0,0.372,0.372,,
2021,TCA,45260.0,,0.0,0.0,0.366,0.007,2.041,,,,,,,8.095,,0.414,,,,,,0.0,6.511,,,0.0,,,6.511,,19615.283,,0.0,0.0,,,8.376,8.376,,,0.011,0.25,0.001,0.031,0.366,8.095,,,0.885,0.0,0.001,,,0.0,0.0,,,0.0,,,0.001,,0.0,,,0.003,,0.0,0.0,0.0,0.0,0.0,0.379,0.379,,
2022,TCA,45869.0,,0.0,0.0,0.355,-0.011,-3.046,,,,,,,7.745,,,,,,,,0.0,6.866,,,0.0,,,6.866,,,,0.0,0.0,,,8.015,8.015,,,0.011,0.239,0.001,0.031,0.355,7.745,,,,0.0,0.001,,,0.0,0.0,,,0.0,,,0.001,,0.0,,,0.003,,0.0,0.0,0.0,0.0,0.0,0.368,0.368,,
2023,TCA,46219.0,,0.0,0.0,0.371,0.015,4.322,,,,,,,8.018,,,,,,,,0.0,7.237,,,0.0,,,7.237,,,,0.0,0.0,,,8.27,8.27,,,0.01,0.222,0.001,0.03,0.371,8.018,,,,0.0,0.001,,,0.0,0.0,,,0.0,,,0.001,,0.0,,,0.003,,0.0,0.0,0.0,0.0,0.0,0.382,0.382,,
